>TACACACAYG	1-TACACACAYG	10.272960	-314.528764	0	T:229.0(51.93%),B:1221.8(7.26%),P:1e-136	Tpos:98.5,Tstd:53.9,Bpos:100.4,Bstd:160.7,StrandBias:-0.2,Multiplicity:3.08
0.001	0.240	0.001	0.758
0.755	0.001	0.243	0.001
0.001	0.669	0.001	0.329
0.997	0.001	0.001	0.001
0.001	0.726	0.001	0.272
0.880	0.001	0.118	0.001
0.001	0.997	0.001	0.001
0.769	0.102	0.128	0.001
0.011	0.460	0.001	0.528
0.001	0.001	0.997	0.001
>TGCATGYATR	2-TGCATGYATR	8.231723	-274.299796	0	T:298.0(67.57%),B:2921.7(17.36%),P:1e-119	Tpos:98.6,Tstd:55.1,Bpos:97.1,Bstd:150.9,StrandBias:0.1,Multiplicity:3.57
0.073	0.081	0.109	0.737
0.196	0.022	0.781	0.001
0.068	0.623	0.018	0.291
0.826	0.055	0.115	0.004
0.044	0.038	0.024	0.894
0.200	0.001	0.777	0.022
0.016	0.438	0.020	0.526
0.759	0.001	0.236	0.004
0.012	0.222	0.068	0.698
0.449	0.013	0.533	0.005
>GTGCATGTGT	3-GTGCATGTGT	8.403914	-262.737456	0	T:290.0(65.76%),B:2849.4(16.93%),P:1e-114	Tpos:99.5,Tstd:57.9,Bpos:105.5,Bstd:156.8,StrandBias:0.1,Multiplicity:1.86
0.106	0.001	0.892	0.001
0.021	0.001	0.001	0.977
0.079	0.001	0.817	0.103
0.001	0.791	0.001	0.207
0.995	0.002	0.002	0.001
0.096	0.001	0.288	0.615
0.091	0.001	0.813	0.095
0.108	0.001	0.001	0.890
0.001	0.001	0.997	0.001
0.020	0.002	0.153	0.825
>ASTACACACA	4-ASTACACACA	7.235027	-223.972554	0	T:322.0(73.02%),B:4244.6(25.23%),P:1e-97	Tpos:105.0,Tstd:57.2,Bpos:95.5,Bstd:152.3,StrandBias:-0.4,Multiplicity:2.09
0.570	0.001	0.140	0.289
0.001	0.512	0.486	0.001
0.001	0.348	0.015	0.636
0.643	0.090	0.253	0.014
0.007	0.680	0.036	0.277
0.787	0.196	0.001	0.016
0.001	0.619	0.026	0.354
0.698	0.050	0.198	0.054
0.052	0.576	0.011	0.361
0.837	0.113	0.049	0.001
>CGTACACACG	5-CGTACACACG	6.404373	-219.838785	0	T:304.0(68.93%),B:3763.0(22.36%),P:1e-95	Tpos:99.5,Tstd:54.5,Bpos:97.2,Bstd:159.5,StrandBias:0.1,Multiplicity:2.55
0.100	0.700	0.100	0.100
0.100	0.100	0.700	0.100
0.100	0.100	0.100	0.700
0.700	0.100	0.100	0.100
0.100	0.700	0.100	0.100
0.700	0.100	0.100	0.100
0.100	0.700	0.100	0.100
0.700	0.100	0.100	0.100
0.100	0.700	0.100	0.100
0.100	0.100	0.700	0.100
>CRYATATGYA	6-CRYATATGYA	9.313211	-194.450502	0	T:144.0(32.65%),B:703.1(4.18%),P:1e-84	Tpos:97.3,Tstd:52.8,Bpos:98.2,Bstd:163.3,StrandBias:-0.2,Multiplicity:3.44
0.001	0.869	0.001	0.129
0.479	0.001	0.519	0.001
0.001	0.424	0.002	0.573
0.814	0.001	0.184	0.001
0.001	0.017	0.001	0.981
0.650	0.001	0.348	0.001
0.001	0.408	0.001	0.590
0.263	0.001	0.735	0.001
0.001	0.469	0.001	0.529
0.978	0.001	0.020	0.001
>CGSWTACATG	7-CGSWTACATG	6.299980	-169.248361	0	T:276.0(62.59%),B:3720.5(22.11%),P:1e-73	Tpos:93.6,Tstd:56.0,Bpos:102.9,Bstd:151.3,StrandBias:0.5,Multiplicity:1.63
0.052	0.772	0.052	0.124
0.131	0.106	0.693	0.070
0.035	0.409	0.387	0.169
0.446	0.070	0.183	0.301
0.017	0.052	0.073	0.858
0.858	0.017	0.124	0.001
0.052	0.809	0.017	0.122
0.825	0.035	0.105	0.035
0.017	0.052	0.089	0.842
0.198	0.067	0.665	0.070
>GTGTGTGTGT	8-GTGTGTGTGT	6.297664	-143.378904	0	T:376.0(85.26%),B:7911.3(47.02%),P:1e-62	Tpos:94.9,Tstd:58.4,Bpos:104.4,Bstd:148.6,StrandBias:-0.5,Multiplicity:1.50
0.127	0.027	0.837	0.009
0.056	0.092	0.040	0.812
0.385	0.019	0.573	0.023
0.001	0.018	0.111	0.870
0.143	0.064	0.747	0.046
0.088	0.192	0.111	0.609
0.275	0.045	0.667	0.013
0.072	0.177	0.066	0.685
0.164	0.049	0.786	0.001
0.038	0.042	0.086	0.834
>CACAVCACAC	9-CACAVCACAC	9.814767	-125.820479	0	T:93.0(21.09%),B:430.4(2.56%),P:1e-54	Tpos:102.1,Tstd:54.4,Bpos:107.0,Bstd:180.5,StrandBias:-0.1,Multiplicity:3.30
0.001	0.739	0.001	0.259
0.951	0.001	0.047	0.001
0.001	0.704	0.164	0.131
0.441	0.290	0.057	0.212
0.278	0.397	0.324	0.001
0.104	0.612	0.061	0.223
0.868	0.040	0.091	0.001
0.059	0.660	0.044	0.237
0.916	0.001	0.082	0.001
0.001	0.896	0.001	0.102
>GTGTBGTGTG	10-GTGTBGTGTG	8.648403	-109.948708	0	T:124.0(28.12%),B:1005.7(5.98%),P:1e-47	Tpos:101.7,Tstd:56.6,Bpos:108.0,Bstd:172.5,StrandBias:1.0,Multiplicity:2.11
0.135	0.024	0.838	0.003
0.001	0.025	0.046	0.928
0.224	0.019	0.756	0.001
0.009	0.206	0.276	0.509
0.105	0.242	0.312	0.341
0.336	0.012	0.529	0.123
0.001	0.019	0.001	0.979
0.214	0.001	0.784	0.001
0.001	0.044	0.001	0.954
0.187	0.058	0.754	0.001
>BATACACATV	11-BATACACATV	4.815029	-104.511801	0	T:376.0(85.26%),B:8964.5(53.28%),P:1e-45	Tpos:95.1,Tstd:61.5,Bpos:95.4,Bstd:135.6,StrandBias:-0.1,Multiplicity:1.14
0.190	0.359	0.227	0.224
0.497	0.175	0.209	0.120
0.097	0.279	0.139	0.485
0.544	0.166	0.178	0.112
0.086	0.619	0.136	0.159
0.690	0.115	0.076	0.119
0.082	0.661	0.112	0.145
0.591	0.139	0.186	0.084
0.116	0.288	0.152	0.443
0.247	0.279	0.319	0.155
>YACACACVGT	12-YACACACVGT	4.498873	-86.281870	0	T:385.0(87.30%),B:9978.6(59.30%),P:1e-37	Tpos:104.5,Tstd:58.2,Bpos:98.6,Bstd:152.3,StrandBias:0.3,Multiplicity:2.20
0.135	0.382	0.137	0.346
0.985	0.001	0.013	0.001
0.001	0.768	0.001	0.230
0.997	0.001	0.001	0.001
0.001	0.869	0.091	0.039
0.997	0.001	0.001	0.001
0.001	0.853	0.001	0.145
0.249	0.226	0.373	0.152
0.050	0.274	0.622	0.054
0.228	0.039	0.033	0.700
>ATATCCASGT	13-ATATCCASGT	8.991820	-51.611240	0	T:38.0(8.62%),B:171.4(1.02%),P:1e-22	Tpos:91.4,Tstd:59.1,Bpos:124.3,Bstd:105.8,StrandBias:0.5,Multiplicity:2.93
0.877	0.061	0.031	0.031
0.030	0.001	0.030	0.939
0.919	0.001	0.079	0.001
0.030	0.086	0.001	0.883
0.172	0.519	0.278	0.031
0.202	0.492	0.031	0.276
0.661	0.001	0.175	0.163
0.220	0.385	0.261	0.134
0.001	0.001	0.997	0.001
0.001	0.210	0.001	0.788
>ACCATCGCTA	14-ACCATCGCTA	7.316414	-45.244584	0	T:24.0(5.44%),B:62.0(0.37%),P:1e-19	Tpos:103.2,Tstd:55.5,Bpos:95.1,Bstd:25.5,StrandBias:-1.4,Multiplicity:2.64
0.997	0.001	0.001	0.001
0.001	0.997	0.001	0.001
0.001	0.997	0.001	0.001
0.997	0.001	0.001	0.001
0.001	0.001	0.001	0.997
0.001	0.968	0.001	0.030
0.049	0.165	0.785	0.001
0.001	0.997	0.001	0.001
0.001	0.001	0.001	0.997
0.997	0.001	0.001	0.001
>AYCAYCACCA	15-AYCAYCACCA	9.496025	-36.128717	0	T:36.0(8.16%),B:244.6(1.45%),P:1e-15	Tpos:98.5,Tstd:54.8,Bpos:94.2,Bstd:160.2,StrandBias:-0.4,Multiplicity:5.00
0.958	0.001	0.031	0.010
0.021	0.460	0.010	0.509
0.001	0.929	0.056	0.014
0.985	0.001	0.013	0.001
0.001	0.546	0.006	0.447
0.001	0.912	0.001	0.086
0.983	0.001	0.015	0.001
0.018	0.563	0.023	0.396
0.001	0.883	0.001	0.115
0.993	0.001	0.005	0.001
>GTAATGGTAG	16-GTAATGGTAG	10.001950	-17.160902	0	T:13.0(2.95%),B:66.6(0.40%),P:1e-7	Tpos:104.6,Tstd:52.7,Bpos:98.2,Bstd:128.6,StrandBias:1.9,Multiplicity:5.45
0.001	0.001	0.997	0.001
0.001	0.001	0.001	0.997
0.962	0.001	0.036	0.001
0.785	0.001	0.213	0.001
0.001	0.001	0.001	0.997
0.092	0.001	0.906	0.001
0.086	0.001	0.912	0.001
0.001	0.001	0.001	0.997
0.915	0.001	0.083	0.001
0.001	0.001	0.997	0.001
>TACATCCACA	17-TACATCCACA	11.321612	-11.838971	0	T:6.0(1.36%),B:17.6(0.10%),P:1e-5	Tpos:114.4,Tstd:67.6,Bpos:77.5,Bstd:39.9,StrandBias:1.4,Multiplicity:2.20
0.001	0.001	0.001	0.997
0.816	0.001	0.182	0.001
0.001	0.997	0.001	0.001
0.598	0.400	0.001	0.001
0.183	0.001	0.183	0.633
0.182	0.816	0.001	0.001
0.001	0.583	0.001	0.415
0.997	0.001	0.001	0.001
0.001	0.997	0.001	0.001
0.811	0.005	0.183	0.001
>GTATCCATCC	18-GTATCCATCC	11.180647	-8.819906	0	T:9.0(2.04%),B:72.2(0.43%),P:1e-3	Tpos:107.8,Tstd:46.8,Bpos:52.4,Bstd:70.7,StrandBias:1.3,Multiplicity:7.00
0.001	0.383	0.615	0.001
0.001	0.187	0.001	0.811
0.576	0.001	0.422	0.001
0.001	0.001	0.001	0.997
0.001	0.997	0.001	0.001
0.001	0.997	0.001	0.001
0.997	0.001	0.001	0.001
0.001	0.375	0.001	0.623
0.001	0.997	0.001	0.001
0.188	0.623	0.188	0.001
>TAGTACTAST	19-TAGTACTAST	12.273160	-7.995946	0	T:2.0(0.45%),B:0.7(0.00%),P:1e-3	Tpos:101.4,Tstd:55.2,Bpos:92.4,Bstd:21.9,StrandBias:10.0,Multiplicity:2.50
0.001	0.103	0.001	0.895
0.997	0.001	0.001	0.001
0.001	0.001	0.997	0.001
0.001	0.103	0.001	0.895
0.997	0.001	0.001	0.001
0.156	0.513	0.330	0.001
0.001	0.010	0.001	0.988
0.997	0.001	0.001	0.001
0.001	0.510	0.386	0.103
0.001	0.001	0.001	0.997
>TCTACGTGGA	20-TCTACGTGGA	10.296193	-7.995946	0	T:2.0(0.45%),B:0.8(0.00%),P:1e-3	Tpos:84.5,Tstd:48.3,Bpos:72.7,Bstd:19.4,StrandBias:10.0,Multiplicity:4.00
0.100	0.100	0.100	0.700
0.100	0.700	0.100	0.100
0.100	0.100	0.100	0.700
0.700	0.100	0.100	0.100
0.100	0.700	0.100	0.100
0.100	0.100	0.700	0.100
0.100	0.100	0.100	0.700
0.100	0.100	0.700	0.100
0.100	0.100	0.700	0.100
0.700	0.100	0.100	0.100
>GATGGATGGA	21-GATGGATGGA	9.960723	-6.814732	0	T:14.0(3.17%),B:202.3(1.20%),P:1e-2	Tpos:99.3,Tstd:57.6,Bpos:96.2,Bstd:148.5,StrandBias:1.0,Multiplicity:4.14
0.001	0.001	0.905	0.093
0.780	0.001	0.218	0.001
0.185	0.014	0.099	0.702
0.001	0.001	0.792	0.206
0.125	0.001	0.828	0.046
0.812	0.001	0.186	0.001
0.001	0.242	0.001	0.756
0.282	0.001	0.716	0.001
0.178	0.001	0.820	0.001
0.617	0.001	0.085	0.297
>GTTAGGGTTA	22-GTTAGGGTTA	10.296193	-3.654624	0	T:1.0(0.23%),B:1.8(0.01%),P:1e-1	Tpos:97.1,Tstd:57.2,Bpos:97.4,Bstd:18.8,StrandBias:10.0,Multiplicity:28.00
0.100	0.100	0.700	0.100
0.100	0.100	0.100	0.700
0.100	0.100	0.100	0.700
0.700	0.100	0.100	0.100
0.100	0.100	0.700	0.100
0.100	0.100	0.700	0.100
0.100	0.100	0.700	0.100
0.100	0.100	0.100	0.700
0.100	0.100	0.100	0.700
0.700	0.100	0.100	0.100
>CACCACCCTC	23-CACCACCCTC	13.571844	-3.214787	0	T:2.0(0.45%),B:12.3(0.07%),P:1e-1	Tpos:75.4,Tstd:52.4,Bpos:104.2,Bstd:17.1,StrandBias:0.7,Multiplicity:4.00
0.001	0.875	0.001	0.123
0.997	0.001	0.001	0.001
0.001	0.997	0.001	0.001
0.001	0.997	0.001	0.001
0.997	0.001	0.001	0.001
0.001	0.997	0.001	0.001
0.001	0.997	0.001	0.001
0.001	0.997	0.001	0.001
0.123	0.001	0.001	0.875
0.001	0.997	0.001	0.001
>GTGTCCTGTT	24-GTGTCCTGTT	13.250889	-2.581937	0	T:1.0(0.23%),B:3.2(0.02%),P:1e-1	Tpos:179.0,Tstd:14.0,Bpos:90.1,Bstd:19.9,StrandBias:10.0,Multiplicity:2.00
0.094	0.001	0.904	0.001
0.001	0.001	0.001	0.997
0.001	0.001	0.997	0.001
0.001	0.001	0.001	0.997
0.006	0.987	0.006	0.001
0.001	0.887	0.094	0.018
0.112	0.001	0.001	0.886
0.001	0.001	0.997	0.001
0.001	0.001	0.001	0.997
0.101	0.102	0.012	0.785
>ACACTCACTG	25-ACACTCACTG	12.175171	-2.169965	0	T:2.0(0.45%),B:22.5(0.13%),P:1e0	Tpos:116.1,Tstd:55.1,Bpos:113.1,Bstd:50.0,StrandBias:10.0,Multiplicity:4.50
0.997	0.001	0.001	0.001
0.001	0.997	0.001	0.001
0.997	0.001	0.001	0.001
0.001	0.997	0.001	0.001
0.001	0.001	0.190	0.808
0.001	0.997	0.001	0.001
0.997	0.001	0.001	0.001
0.001	0.997	0.001	0.001
0.001	0.001	0.001	0.997
0.001	0.001	0.997	0.001
>TGTRYAYGCRKG	1-TGTRYAYGCRKG	9.649427	-288.660350	0	T:253.0(57.37%),B:1803.6(10.72%),P:1e-125	Tpos:98.0,Tstd:53.1,Bpos:97.8,Bstd:158.3,StrandBias:0.3,Multiplicity:2.34
0.063	0.001	0.001	0.935
0.037	0.018	0.944	0.001
0.001	0.037	0.185	0.777
0.479	0.001	0.519	0.001
0.001	0.439	0.001	0.559
0.790	0.019	0.172	0.019
0.001	0.469	0.018	0.512
0.156	0.001	0.610	0.233
0.037	0.653	0.074	0.236
0.542	0.037	0.403	0.018
0.001	0.018	0.476	0.505
0.037	0.001	0.605	0.357
>ACACAYATGCAC	2-ACACAYATGCAC	7.216965	-258.953548	0	T:276.0(62.59%),B:2555.4(15.19%),P:1e-112	Tpos:95.5,Tstd:53.7,Bpos:95.2,Bstd:169.7,StrandBias:0.4,Multiplicity:1.66
0.890	0.050	0.001	0.059
0.001	0.939	0.001	0.059
0.939	0.059	0.001	0.001
0.001	0.997	0.001	0.001
0.939	0.059	0.001	0.001
0.001	0.410	0.055	0.534
0.961	0.001	0.020	0.018
0.001	0.001	0.001	0.997
0.059	0.001	0.939	0.001
0.001	0.939	0.001	0.059
0.997	0.001	0.001	0.001
0.059	0.939	0.001	0.001
>YACACRCACRTG	3-YACACRCACRTG	10.174383	-244.336778	0	T:232.0(52.61%),B:1765.9(10.50%),P:1e-106	Tpos:100.1,Tstd:57.3,Bpos:111.4,Bstd:167.7,StrandBias:0.3,Multiplicity:1.59
0.001	0.508	0.001	0.490
0.594	0.001	0.404	0.001
0.001	0.620	0.001	0.378
0.605	0.001	0.393	0.001
0.001	0.627	0.001	0.371
0.511	0.001	0.487	0.001
0.001	0.686	0.001	0.312
0.997	0.001	0.001	0.001
0.001	0.997	0.001	0.001
0.564	0.001	0.434	0.001
0.001	0.001	0.001	0.997
0.001	0.001	0.997	0.001
>ACACRTGTGTRT	4-ACACRTGTGTRT	12.246666	-220.537919	0	T:123.0(27.89%),B:364.3(2.17%),P:1e-95	Tpos:99.4,Tstd:53.4,Bpos:98.5,Bstd:152.4,StrandBias:0.0,Multiplicity:2.94
0.922	0.001	0.076	0.001
0.001	0.732	0.001	0.266
0.952	0.001	0.046	0.001
0.001	0.598	0.001	0.400
0.460	0.001	0.538	0.001
0.001	0.001	0.001	0.997
0.275	0.001	0.723	0.001
0.001	0.001	0.001	0.997
0.380	0.001	0.618	0.001
0.001	0.001	0.001	0.997
0.572	0.001	0.426	0.001
0.001	0.066	0.001	0.932
>KGKATGGATGGD	5-KGKATGGATGGD	6.917441	-204.049623	0	T:276.0(62.59%),B:3205.7(19.05%),P:1e-88	Tpos:95.9,Tstd:56.1,Bpos:101.4,Bstd:128.7,StrandBias:0.1,Multiplicity:1.52
0.151	0.129	0.355	0.365
0.170	0.035	0.738	0.057
0.053	0.150	0.430	0.368
0.555	0.040	0.306	0.099
0.080	0.046	0.192	0.682
0.118	0.040	0.733	0.109
0.046	0.143	0.572	0.239
0.634	0.042	0.238	0.086
0.104	0.103	0.116	0.677
0.144	0.023	0.776	0.057
0.074	0.106	0.558	0.262
0.280	0.092	0.332	0.296
>ATGCGTATATGC	6-ATGCGTATATGC	6.517702	-195.721756	0	T:295.0(66.89%),B:3855.6(22.91%),P:1e-85	Tpos:98.3,Tstd:54.2,Bpos:100.9,Bstd:147.2,StrandBias:0.1,Multiplicity:4.69
0.700	0.100	0.100	0.100
0.100	0.100	0.100	0.700
0.100	0.100	0.700	0.100
0.100	0.700	0.100	0.100
0.100	0.100	0.700	0.100
0.100	0.100	0.100	0.700
0.700	0.100	0.100	0.100
0.100	0.100	0.100	0.700
0.700	0.100	0.100	0.100
0.100	0.100	0.100	0.700
0.100	0.100	0.700	0.100
0.100	0.700	0.100	0.100
>CATATGCACACA	7-CATATGCACACA	11.849508	-177.146623	0	T:131.0(29.71%),B:629.1(3.74%),P:1e-76	Tpos:116.0,Tstd:55.0,Bpos:78.3,Bstd:40.1,StrandBias:-0.4,Multiplicity:1.00
0.095	0.903	0.001	0.001
0.783	0.215	0.001	0.001
0.011	0.413	0.001	0.575
0.903	0.001	0.095	0.001
0.001	0.001	0.304	0.694
0.095	0.001	0.903	0.001
0.001	0.575	0.095	0.329
0.806	0.192	0.001	0.001
0.001	0.891	0.097	0.011
0.997	0.001	0.001	0.001
0.095	0.809	0.001	0.095
0.605	0.299	0.095	0.001
>CACACATGTACA	8-CACACATGTACA	5.688182	-177.142595	0	T:298.0(67.57%),B:4245.6(25.23%),P:1e-76	Tpos:105.0,Tstd:58.1,Bpos:103.1,Bstd:158.9,StrandBias:0.7,Multiplicity:1.49
0.001	0.845	0.001	0.153
0.997	0.001	0.001	0.001
0.001	0.997	0.001	0.001
0.997	0.001	0.001	0.001
0.001	0.845	0.001	0.153
0.997	0.001	0.001	0.001
0.001	0.091	0.221	0.687
0.001	0.001	0.997	0.001
0.154	0.257	0.001	0.588
0.832	0.001	0.001	0.166
0.001	0.941	0.001	0.057
0.997	0.001	0.001	0.001
>GATGGATGCATG	9-GATGGATGCATG	6.569338	-172.922388	0	T:313.0(70.98%),B:4800.6(28.53%),P:1e-75	Tpos:96.5,Tstd:55.8,Bpos:96.7,Bstd:140.3,StrandBias:0.5,Multiplicity:2.17
0.059	0.030	0.540	0.371
0.879	0.020	0.062	0.039
0.115	0.022	0.001	0.862
0.088	0.001	0.796	0.115
0.157	0.144	0.573	0.126
0.699	0.001	0.299	0.001
0.001	0.007	0.001	0.991
0.047	0.001	0.951	0.001
0.182	0.423	0.241	0.155
0.944	0.001	0.054	0.001
0.001	0.022	0.019	0.958
0.365	0.001	0.633	0.001
>CACACMMCACAC	10-CACACMMCACAC	9.228648	-163.400540	0	T:135.0(30.61%),B:762.5(4.53%),P:1e-70	Tpos:101.9,Tstd:54.3,Bpos:97.7,Bstd:188.3,StrandBias:-0.4,Multiplicity:5.32
0.001	0.754	0.060	0.185
0.997	0.001	0.001	0.001
0.001	0.780	0.001	0.218
0.887	0.001	0.111	0.001
0.001	0.763	0.001	0.235
0.349	0.355	0.156	0.140
0.498	0.381	0.091	0.030
0.001	0.849	0.005	0.145
0.997	0.001	0.001	0.001
0.044	0.841	0.001	0.114
0.997	0.001	0.001	0.001
0.001	0.889	0.001	0.109
>AYWGTRTRTACA	11-AYWGTRTRTACA	7.696165	-99.618354	0	T:180.0(40.82%),B:2329.5(13.84%),P:1e-43	Tpos:100.0,Tstd:54.8,Bpos:96.6,Bstd:140.1,StrandBias:0.1,Multiplicity:2.49
0.733	0.001	0.265	0.001
0.058	0.405	0.204	0.333
0.467	0.001	0.149	0.383
0.013	0.222	0.764	0.001
0.001	0.109	0.001	0.889
0.497	0.001	0.501	0.001
0.001	0.303	0.001	0.695
0.535	0.001	0.463	0.001
0.001	0.215	0.001	0.783
0.640	0.001	0.358	0.001
0.001	0.633	0.052	0.314
0.555	0.001	0.055	0.389
>TATSTVTCTATG	12-TATSTVTCTATG	11.775843	-94.040358	0	T:126.0(28.57%),B:1213.3(7.21%),P:1e-40	Tpos:93.4,Tstd:53.2,Bpos:113.2,Bstd:142.1,StrandBias:-1.1,Multiplicity:1.82
0.001	0.001	0.001	0.997
0.584	0.001	0.414	0.001
0.001	0.001	0.001	0.997
0.072	0.518	0.409	0.001
0.001	0.001	0.001	0.997
0.355	0.252	0.392	0.001
0.001	0.001	0.001	0.997
0.088	0.587	0.324	0.001
0.001	0.001	0.001	0.997
0.753	0.001	0.245	0.001
0.001	0.001	0.001	0.997
0.072	0.001	0.926	0.001
>CYGTGTGTAYAT	13-CYGTGTGTAYAT	12.163460	-55.006790	0	T:22.0(4.99%),B:30.5(0.18%),P:1e-23	Tpos:105.8,Tstd:63.8,Bpos:115.7,Bstd:23.7,StrandBias:2.2,Multiplicity:3.30
0.057	0.827	0.115	0.001
0.179	0.437	0.029	0.356
0.115	0.001	0.827	0.057
0.001	0.001	0.028	0.970
0.057	0.029	0.913	0.001
0.001	0.001	0.001	0.997
0.028	0.001	0.970	0.001
0.001	0.139	0.001	0.859
0.855	0.057	0.087	0.001
0.030	0.436	0.029	0.505
0.970	0.001	0.028	0.001
0.001	0.057	0.001	0.941
>CATCATCATCAC	14-CATCATCATCAC	9.238603	-42.226512	0	T:27.0(6.12%),B:98.2(0.58%),P:1e-18	Tpos:98.6,Tstd:53.0,Bpos:92.9,Bstd:165.3,StrandBias:0.1,Multiplicity:8.07
0.001	0.997	0.001	0.001
0.988	0.001	0.010	0.001
0.001	0.276	0.001	0.722
0.001	0.988	0.001	0.010
0.988	0.001	0.010	0.001
0.001	0.306	0.001	0.692
0.011	0.977	0.011	0.001
0.974	0.001	0.024	0.001
0.001	0.001	0.001	0.997
0.001	0.997	0.001	0.001
0.997	0.001	0.001	0.001
0.001	0.791	0.001	0.207
>GTACTGYACACA	15-GTACTGYACACA	12.619963	-39.823942	0	T:8.0(1.81%),B:0.9(0.01%),P:1e-17	Tpos:105.8,Tstd:54.0,Bpos:74.3,Bstd:29.2,StrandBias:1.6,Multiplicity:2.29
0.133	0.001	0.865	0.001
0.001	0.297	0.134	0.568
0.997	0.001	0.001	0.001
0.292	0.706	0.001	0.001
0.001	0.001	0.001	0.997
0.001	0.001	0.997	0.001
0.001	0.410	0.134	0.456
0.563	0.297	0.134	0.006
0.001	0.997	0.001	0.001
0.865	0.001	0.133	0.001
0.001	0.865	0.001	0.133
0.993	0.001	0.005	0.001
>RGTRGTRGTRGT	16-RGTRGTRGTRGT	10.300249	-38.632151	0	T:35.0(7.94%),B:211.4(1.26%),P:1e-16	Tpos:99.1,Tstd:55.3,Bpos:98.0,Bstd:160.4,StrandBias:0.9,Multiplicity:3.93
0.477	0.001	0.521	0.001
0.289	0.001	0.709	0.001
0.001	0.001	0.084	0.914
0.424	0.001	0.574	0.001
0.342	0.001	0.656	0.001
0.001	0.001	0.032	0.966
0.468	0.001	0.530	0.001
0.250	0.001	0.748	0.001
0.001	0.001	0.001	0.997
0.515	0.001	0.483	0.001
0.291	0.001	0.707	0.001
0.001	0.001	0.213	0.785
>TGTGTGTGWCAT	17-TGTGTGTGWCAT	10.452255	-29.381656	0	T:19.0(4.31%),B:73.0(0.43%),P:1e-12	Tpos:127.4,Tstd:45.9,Bpos:91.4,Bstd:60.1,StrandBias:1.0,Multiplicity:1.50
0.001	0.001	0.001	0.997
0.162	0.001	0.836	0.001
0.001	0.001	0.001	0.997
0.202	0.001	0.796	0.001
0.001	0.003	0.001	0.995
0.198	0.001	0.800	0.001
0.001	0.001	0.183	0.815
0.322	0.001	0.676	0.001
0.489	0.001	0.001	0.509
0.001	0.997	0.001	0.001
0.997	0.001	0.001	0.001
0.001	0.001	0.001	0.997
>AAAATATCAAAG	18-AAAATATCAAAG	16.513398	-23.039715	0	T:5.0(1.13%),B:0.8(0.00%),P:1e-10	Tpos:100.1,Tstd:51.4,Bpos:61.4,Bstd:17.2,StrandBias:2.7,Multiplicity:3.00
0.997	0.001	0.001	0.001
0.997	0.001	0.001	0.001
0.997	0.001	0.001	0.001
0.997	0.001	0.001	0.001
0.001	0.001	0.001	0.997
0.997	0.001	0.001	0.001
0.001	0.001	0.001	0.997
0.001	0.955	0.043	0.001
0.997	0.001	0.001	0.001
0.997	0.001	0.001	0.001
0.955	0.001	0.043	0.001
0.001	0.001	0.997	0.001
>AGRTGTAGGTGT	19-AGRTGTAGGTGT	11.925422	-20.233669	0	T:6.0(1.36%),B:4.2(0.02%),P:1e-8	Tpos:97.5,Tstd:54.9,Bpos:81.4,Bstd:17.6,StrandBias:-0.1,Multiplicity:4.60
0.775	0.001	0.223	0.001
0.001	0.001	0.997	0.001
0.490	0.001	0.508	0.001
0.001	0.001	0.001	0.997
0.223	0.001	0.775	0.001
0.001	0.031	0.001	0.967
0.997	0.001	0.001	0.001
0.001	0.001	0.997	0.001
0.017	0.001	0.981	0.001
0.001	0.001	0.001	0.997
0.001	0.001	0.997	0.001
0.001	0.010	0.001	0.988
>CATCGGTTACAT	20-CATCGGTTACAT	12.355432	-17.778771	0	T:4.0(0.91%),B:0.0(0.00%),P:1e-7	Tpos:105.7,Tstd:48.9,Bpos:0.0,Bstd:0.0,StrandBias:10.0,Multiplicity:4.25
0.100	0.700	0.100	0.100
0.700	0.100	0.100	0.100
0.100	0.100	0.100	0.700
0.100	0.700	0.100	0.100
0.100	0.100	0.700	0.100
0.100	0.100	0.700	0.100
0.100	0.100	0.100	0.700
0.100	0.100	0.100	0.700
0.700	0.100	0.100	0.100
0.100	0.700	0.100	0.100
0.700	0.100	0.100	0.100
0.100	0.100	0.100	0.700
>RTAYACTRTACA	21-RTAYACTRTACA	10.341608	-15.078757	0	T:5.0(1.13%),B:6.0(0.04%),P:1e-6	Tpos:93.7,Tstd:47.8,Bpos:73.8,Bstd:7.9,StrandBias:2.2,Multiplicity:2.20
0.498	0.152	0.349	0.001
0.001	0.364	0.001	0.634
0.681	0.001	0.317	0.001
0.001	0.428	0.013	0.558
0.681	0.001	0.239	0.079
0.001	0.465	0.312	0.222
0.322	0.083	0.073	0.522
0.439	0.068	0.487	0.007
0.013	0.360	0.001	0.626
0.811	0.006	0.182	0.001
0.001	0.577	0.006	0.416
0.653	0.099	0.115	0.133
>CGSYCTYACRCA	22-CGSYCTYACRCA	8.215155	-14.329198	0	T:8.0(1.81%),B:27.0(0.16%),P:1e-6	Tpos:88.4,Tstd:50.2,Bpos:118.9,Bstd:26.6,StrandBias:5.1,Multiplicity:4.38
0.001	0.978	0.001	0.020
0.004	0.001	0.994	0.001
0.001	0.460	0.538	0.001
0.001	0.440	0.094	0.465
0.001	0.997	0.001	0.001
0.001	0.001	0.001	0.997
0.001	0.439	0.001	0.559
0.904	0.001	0.094	0.001
0.001	0.997	0.001	0.001
0.559	0.001	0.439	0.001
0.001	0.997	0.001	0.001
0.997	0.001	0.001	0.001
>TGTCCGTGTCCK	23-TGTCCGTGTCCK	13.325480	-7.995946	0	T:2.0(0.45%),B:0.9(0.01%),P:1e-3	Tpos:96.8,Tstd:48.6,Bpos:93.2,Bstd:16.7,StrandBias:10.0,Multiplicity:8.50
0.001	0.001	0.001	0.997
0.001	0.001	0.997	0.001
0.001	0.001	0.001	0.997
0.001	0.997	0.001	0.001
0.001	0.939	0.001	0.059
0.291	0.001	0.707	0.001
0.001	0.001	0.001	0.997
0.001	0.001	0.997	0.001
0.001	0.001	0.001	0.997
0.001	0.997	0.001	0.001
0.001	0.939	0.001	0.059
0.060	0.001	0.472	0.468
>GTTAGGGTTAGG	24-GTTAGGGTTAGG	16.548687	-3.654624	0	T:1.0(0.23%),B:0.3(0.00%),P:1e-1	Tpos:99.9,Tstd:57.5,Bpos:98.9,Bstd:19.6,StrandBias:10.0,Multiplicity:27.00
0.001	0.001	0.997	0.001
0.001	0.001	0.026	0.972
0.001	0.001	0.001	0.997
0.997	0.001	0.001	0.001
0.001	0.001	0.997	0.001
0.001	0.001	0.997	0.001
0.001	0.001	0.997	0.001
0.001	0.001	0.001	0.997
0.001	0.001	0.001	0.997
0.997	0.001	0.001	0.001
0.026	0.001	0.972	0.001
0.001	0.001	0.997	0.001
>TGTGYAGGTGGA	25-TGTGYAGGTGGA	15.602263	-3.654624	0	T:1.0(0.23%),B:0.5(0.00%),P:1e-1	Tpos:49.0,Tstd:27.0,Bpos:57.6,Bstd:13.2,StrandBias:-10.0,Multiplicity:2.00
0.052	0.001	0.001	0.946
0.001	0.001	0.946	0.052
0.001	0.001	0.001	0.997
0.001	0.001	0.997	0.001
0.001	0.448	0.001	0.550
0.879	0.001	0.119	0.001
0.001	0.001	0.997	0.001
0.105	0.005	0.889	0.001
0.001	0.001	0.001	0.997
0.001	0.001	0.997	0.001
0.001	0.055	0.942	0.002
0.997	0.001	0.001	0.001
>CACACATG	1-CACACATG	9.091448	-257.752127	0	T:238.0(53.97%),B:1767.5(10.50%),P:1e-111	Tpos:98.8,Tstd:54.8,Bpos:100.7,Bstd:163.1,StrandBias:0.1,Multiplicity:2.99
0.001	0.864	0.001	0.134
0.951	0.001	0.001	0.047
0.001	0.867	0.001	0.131
0.949	0.001	0.049	0.001
0.001	0.786	0.001	0.212
0.951	0.001	0.047	0.001
0.001	0.001	0.001	0.997
0.001	0.001	0.997	0.001
>CATACAYR	2-CATACAYR	7.969963	-223.661096	0	T:294.0(66.67%),B:3427.8(20.37%),P:1e-97	Tpos:101.9,Tstd:54.2,Bpos:99.9,Bstd:158.2,StrandBias:0.0,Multiplicity:3.77
0.001	0.798	0.001	0.200
0.940	0.001	0.001	0.058
0.001	0.245	0.001	0.753
0.654	0.001	0.344	0.001
0.001	0.818	0.001	0.180
0.965	0.001	0.027	0.007
0.001	0.571	0.001	0.427
0.504	0.001	0.494	0.001
>TACGTATA	3-TACGTATA	5.423956	-216.119629	0	T:239.0(54.20%),B:2173.7(12.92%),P:1e-93	Tpos:97.0,Tstd:54.0,Bpos:95.1,Bstd:154.0,StrandBias:-0.2,Multiplicity:3.29
0.001	0.397	0.001	0.601
0.758	0.001	0.240	0.001
0.001	0.997	0.001	0.001
0.001	0.001	0.997	0.001
0.001	0.057	0.001	0.941
0.811	0.001	0.187	0.001
0.001	0.251	0.051	0.697
0.997	0.001	0.001	0.001
>GCATGTGT	4-GCATGTGT	7.648525	-215.820650	0	T:292.0(66.21%),B:3478.9(20.68%),P:1e-93	Tpos:98.2,Tstd:56.2,Bpos:107.6,Bstd:141.8,StrandBias:-0.8,Multiplicity:1.65
0.001	0.001	0.969	0.029
0.015	0.823	0.001	0.161
0.750	0.062	0.187	0.001
0.001	0.032	0.145	0.822
0.006	0.036	0.957	0.001
0.001	0.029	0.001	0.969
0.011	0.023	0.965	0.001
0.075	0.037	0.008	0.880
>ACACACAT	5-ACACACAT	6.817494	-201.656115	0	T:324.0(73.47%),B:4662.9(27.71%),P:1e-87	Tpos:101.8,Tstd:56.0,Bpos:105.6,Bstd:154.4,StrandBias:-0.6,Multiplicity:1.43
0.679	0.092	0.228	0.001
0.001	0.677	0.015	0.307
0.541	0.224	0.194	0.041
0.001	0.997	0.001	0.001
0.672	0.155	0.172	0.001
0.001	0.709	0.001	0.289
0.530	0.147	0.322	0.001
0.001	0.001	0.128	0.870
>TGTGTGCA	6-TGTGTGCA	7.336614	-198.619781	0	T:331.0(75.06%),B:4949.2(29.41%),P:1e-86	Tpos:99.8,Tstd:56.2,Bpos:100.9,Bstd:152.6,StrandBias:0.4,Multiplicity:3.30
0.001	0.342	0.001	0.656
0.001	0.001	0.997	0.001
0.001	0.001	0.001	0.997
0.082	0.001	0.916	0.001
0.001	0.001	0.001	0.997
0.326	0.001	0.672	0.001
0.001	0.656	0.001	0.342
0.997	0.001	0.001	0.001
>CACATACA	7-CACATACA	7.755491	-198.140208	0	T:349.0(79.14%),B:5602.8(33.30%),P:1e-86	Tpos:100.2,Tstd:57.4,Bpos:99.4,Bstd:138.7,StrandBias:-0.3,Multiplicity:2.55
0.001	0.578	0.001	0.420
0.997	0.001	0.001	0.001
0.001	0.593	0.001	0.405
0.597	0.001	0.401	0.001
0.001	0.001	0.001	0.997
0.643	0.001	0.355	0.001
0.001	0.997	0.001	0.001
0.997	0.001	0.001	0.001
>GATGKATG	8-GATGKATG	5.928149	-163.686542	0	T:331.0(75.06%),B:5604.8(33.31%),P:1e-71	Tpos:98.4,Tstd:57.2,Bpos:96.5,Bstd:144.6,StrandBias:0.7,Multiplicity:3.45
0.112	0.090	0.508	0.290
0.576	0.007	0.314	0.103
0.036	0.173	0.116	0.675
0.102	0.093	0.740	0.065
0.043	0.122	0.368	0.466
0.603	0.010	0.265	0.122
0.029	0.039	0.233	0.699
0.151	0.001	0.833	0.015
>GTGTGTGG	9-GTGTGTGG	7.653398	-153.727874	0	T:240.0(54.42%),B:2980.1(17.71%),P:1e-66	Tpos:103.3,Tstd:56.5,Bpos:102.6,Bstd:145.8,StrandBias:0.4,Multiplicity:1.99
0.073	0.001	0.925	0.001
0.015	0.040	0.001	0.944
0.070	0.001	0.928	0.001
0.001	0.027	0.001	0.971
0.135	0.001	0.863	0.001
0.035	0.183	0.097	0.685
0.137	0.160	0.493	0.210
0.117	0.294	0.525	0.064
>GCATGCAT	10-GCATGCAT	8.877333	-147.858798	0	T:124.0(28.12%),B:707.0(4.20%),P:1e-64	Tpos:112.0,Tstd:46.1,Bpos:79.5,Bstd:117.7,StrandBias:0.3,Multiplicity:1.27
0.001	0.084	0.914	0.001
0.001	0.516	0.210	0.273
0.900	0.001	0.081	0.018
0.001	0.072	0.035	0.892
0.039	0.001	0.959	0.001
0.029	0.603	0.191	0.177
0.947	0.001	0.051	0.001
0.001	0.001	0.001	0.997
>YACGYATG	11-YACGYATG	7.107210	-106.051954	0	T:108.0(24.49%),B:771.3(4.58%),P:1e-46	Tpos:99.5,Tstd:53.7,Bpos:101.4,Bstd:142.2,StrandBias:-0.7,Multiplicity:1.46
0.001	0.534	0.001	0.464
0.545	0.072	0.382	0.001
0.001	0.997	0.001	0.001
0.001	0.001	0.997	0.001
0.001	0.566	0.001	0.432
0.997	0.001	0.001	0.001
0.001	0.001	0.001	0.997
0.001	0.001	0.997	0.001
>ACACCACA	12-ACACCACA	9.381251	-75.433294	0	T:89.0(20.18%),B:735.4(4.37%),P:1e-32	Tpos:100.1,Tstd:54.5,Bpos:106.0,Bstd:192.5,StrandBias:-0.4,Multiplicity:3.95
0.997	0.001	0.001	0.001
0.001	0.928	0.001	0.070
0.925	0.001	0.073	0.001
0.078	0.920	0.001	0.001
0.001	0.759	0.008	0.232
0.997	0.001	0.001	0.001
0.001	0.997	0.001	0.001
0.997	0.001	0.001	0.001
>CTCACACA	13-CTCACACA	9.116235	-47.979763	0	T:98.0(22.22%),B:1294.3(7.69%),P:1e-20	Tpos:100.5,Tstd:54.6,Bpos:102.4,Bstd:138.4,StrandBias:0.1,Multiplicity:1.48
0.001	0.997	0.001	0.001
0.001	0.208	0.001	0.790
0.001	0.997	0.001	0.001
0.819	0.001	0.179	0.001
0.001	0.997	0.001	0.001
0.997	0.001	0.001	0.001
0.001	0.997	0.001	0.001
0.997	0.001	0.001	0.001
>CATCATCA	14-CATCATCA	10.254690	-24.226257	0	T:28.0(6.35%),B:227.5(1.35%),P:1e-10	Tpos:98.4,Tstd:57.4,Bpos:95.0,Bstd:154.8,StrandBias:0.5,Multiplicity:4.07
0.001	0.997	0.001	0.001
0.992	0.001	0.006	0.001
0.001	0.367	0.001	0.631
0.001	0.997	0.001	0.001
0.997	0.001	0.001	0.001
0.001	0.292	0.001	0.706
0.001	0.997	0.001	0.001
0.993	0.001	0.005	0.001
>CAYCATCA	15-CAYCATCA	9.112037	-18.929059	0	T:26.0(5.90%),B:252.6(1.50%),P:1e-8	Tpos:106.8,Tstd:53.7,Bpos:102.3,Bstd:146.0,StrandBias:-0.1,Multiplicity:3.18
0.001	0.997	0.001	0.001
0.997	0.001	0.001	0.001
0.001	0.547	0.001	0.451
0.079	0.919	0.001	0.001
0.653	0.230	0.038	0.079
0.001	0.355	0.001	0.643
0.001	0.730	0.001	0.268
0.903	0.095	0.001	0.001
>ATCACYAC	16-ATCACYAC	7.995559	-16.320769	0	T:38.0(8.62%),B:547.0(3.25%),P:1e-7	Tpos:98.5,Tstd:55.0,Bpos:107.0,Bstd:117.6,StrandBias:-0.3,Multiplicity:2.45
0.997	0.001	0.001	0.001
0.001	0.205	0.001	0.793
0.001	0.832	0.166	0.001
0.581	0.220	0.198	0.001
0.046	0.752	0.036	0.166
0.094	0.439	0.041	0.425
0.997	0.001	0.001	0.001
0.001	0.638	0.001	0.360
>CTACCTAC	17-CTACCTAC	8.236954	-12.364721	0	T:8.0(1.81%),B:34.9(0.21%),P:1e-5	Tpos:102.1,Tstd:55.3,Bpos:123.7,Bstd:77.8,StrandBias:-2.5,Multiplicity:4.12
0.100	0.700	0.100	0.100
0.100	0.100	0.100	0.700
0.700	0.100	0.100	0.100
0.100	0.700	0.100	0.100
0.100	0.700	0.100	0.100
0.100	0.100	0.100	0.700
0.700	0.100	0.100	0.100
0.100	0.700	0.100	0.100
>ACATCGGT	18-ACATCGGT	8.236954	-8.066471	0	T:4.0(0.91%),B:12.7(0.08%),P:1e-3	Tpos:102.7,Tstd:48.9,Bpos:87.2,Bstd:29.1,StrandBias:10.0,Multiplicity:4.25
0.700	0.100	0.100	0.100
0.100	0.700	0.100	0.100
0.700	0.100	0.100	0.100
0.100	0.100	0.100	0.700
0.100	0.700	0.100	0.100
0.100	0.100	0.700	0.100
0.100	0.100	0.700	0.100
0.100	0.100	0.100	0.700
>ACYACYAC	19-ACYACYAC	7.961354	-7.909798	0	T:34.0(7.71%),B:687.1(4.08%),P:1e-3	Tpos:96.5,Tstd:56.3,Bpos:98.1,Bstd:135.0,StrandBias:-1.0,Multiplicity:5.56
0.927	0.051	0.004	0.018
0.051	0.561	0.001	0.387
0.085	0.513	0.012	0.390
0.838	0.040	0.022	0.100
0.160	0.759	0.058	0.023
0.001	0.456	0.001	0.542
0.977	0.015	0.007	0.001
0.015	0.706	0.009	0.270
>CCGTGTAT	20-CCGTGTAT	9.491088	-4.980186	0	T:6.0(1.36%),B:63.4(0.38%),P:1e-2	Tpos:107.5,Tstd:16.3,Bpos:84.1,Bstd:43.3,StrandBias:0.0,Multiplicity:1.00
0.001	0.997	0.001	0.001
0.001	0.997	0.001	0.001
0.001	0.001	0.997	0.001
0.001	0.001	0.001	0.997
0.001	0.001	0.997	0.001
0.001	0.001	0.001	0.997
0.720	0.278	0.001	0.001
0.001	0.258	0.001	0.740
>RTACSGTA	21-RTACSGTA	8.531751	-4.498748	0	T:2.0(0.45%),B:6.9(0.04%),P:1e-1	Tpos:106.4,Tstd:64.3,Bpos:70.8,Bstd:48.7,StrandBias:2.8,Multiplicity:4.00
0.477	0.001	0.521	0.001
0.001	0.001	0.001	0.997
0.997	0.001	0.001	0.001
0.001	0.997	0.001	0.001
0.001	0.521	0.477	0.001
0.001	0.134	0.864	0.001
0.350	0.001	0.135	0.514
0.648	0.001	0.350	0.001
>GACACGGA	22-GACACGGA	8.591046	-3.162832	0	T:7.0(1.59%),B:121.3(0.72%),P:1e-1	Tpos:100.2,Tstd:54.7,Bpos:98.9,Bstd:128.9,StrandBias:-10.0,Multiplicity:4.00
0.001	0.001	0.895	0.103
0.997	0.001	0.001	0.001
0.001	0.997	0.001	0.001
0.997	0.001	0.001	0.001
0.001	0.997	0.001	0.001
0.001	0.001	0.997	0.001
0.001	0.001	0.997	0.001
0.812	0.001	0.186	0.001
>AGATATAG	23-AGATATAG	10.833580	-2.734952	0	T:6.0(1.36%),B:107.7(0.64%),P:1e-1	Tpos:101.4,Tstd:65.1,Bpos:102.6,Bstd:80.2,StrandBias:-3.5,Multiplicity:2.00
0.997	0.001	0.001	0.001
0.001	0.001	0.997	0.001
0.894	0.001	0.104	0.001
0.001	0.001	0.001	0.997
0.881	0.001	0.117	0.001
0.001	0.001	0.001	0.997
0.997	0.001	0.001	0.001
0.001	0.001	0.997	0.001
>ATCAAAGT	24-ATCAAAGT	8.236954	-2.628382	0	T:5.0(1.13%),B:84.3(0.50%),P:1e-1	Tpos:108.8,Tstd:52.9,Bpos:106.3,Bstd:74.7,StrandBias:2.2,Multiplicity:3.40
0.700	0.100	0.100	0.100
0.100	0.100	0.100	0.700
0.100	0.700	0.100	0.100
0.700	0.100	0.100	0.100
0.700	0.100	0.100	0.100
0.700	0.100	0.100	0.100
0.100	0.100	0.700	0.100
0.100	0.100	0.100	0.700
>TAGGGTTA	25-TAGGGTTA	8.236954	-0.460341	0	T:1.0(0.23%),B:38.3(0.23%),P:1e0	Tpos:100.6,Tstd:57.8,Bpos:98.9,Bstd:42.1,StrandBias:10.0,Multiplicity:29.00
0.100	0.100	0.100	0.700
0.700	0.100	0.100	0.100
0.100	0.100	0.700	0.100
0.100	0.100	0.700	0.100
0.100	0.100	0.700	0.100
0.100	0.100	0.100	0.700
0.100	0.100	0.100	0.700
0.700	0.100	0.100	0.100
