>CACACATG	1-CACACATG	9.091448	-257.752127	0	T:238.0(53.97%),B:1767.5(10.50%),P:1e-111	Tpos:98.8,Tstd:54.8,Bpos:100.7,Bstd:163.1,StrandBias:0.1,Multiplicity:2.99
0.001	0.864	0.001	0.134
0.951	0.001	0.001	0.047
0.001	0.867	0.001	0.131
0.949	0.001	0.049	0.001
0.001	0.786	0.001	0.212
0.951	0.001	0.047	0.001
0.001	0.001	0.001	0.997
0.001	0.001	0.997	0.001
>CATACAYR	2-CATACAYR	7.969963	-223.661096	0	T:294.0(66.67%),B:3427.8(20.37%),P:1e-97	Tpos:101.9,Tstd:54.2,Bpos:99.9,Bstd:158.2,StrandBias:0.0,Multiplicity:3.77
0.001	0.798	0.001	0.200
0.940	0.001	0.001	0.058
0.001	0.245	0.001	0.753
0.654	0.001	0.344	0.001
0.001	0.818	0.001	0.180
0.965	0.001	0.027	0.007
0.001	0.571	0.001	0.427
0.504	0.001	0.494	0.001
>TACGTATA	3-TACGTATA	5.423956	-216.119629	0	T:239.0(54.20%),B:2173.7(12.92%),P:1e-93	Tpos:97.0,Tstd:54.0,Bpos:95.1,Bstd:154.0,StrandBias:-0.2,Multiplicity:3.29
0.001	0.397	0.001	0.601
0.758	0.001	0.240	0.001
0.001	0.997	0.001	0.001
0.001	0.001	0.997	0.001
0.001	0.057	0.001	0.941
0.811	0.001	0.187	0.001
0.001	0.251	0.051	0.697
0.997	0.001	0.001	0.001
>GCATGTGT	4-GCATGTGT	7.648525	-215.820650	0	T:292.0(66.21%),B:3478.9(20.68%),P:1e-93	Tpos:98.2,Tstd:56.2,Bpos:107.6,Bstd:141.8,StrandBias:-0.8,Multiplicity:1.65
0.001	0.001	0.969	0.029
0.015	0.823	0.001	0.161
0.750	0.062	0.187	0.001
0.001	0.032	0.145	0.822
0.006	0.036	0.957	0.001
0.001	0.029	0.001	0.969
0.011	0.023	0.965	0.001
0.075	0.037	0.008	0.880
>ACACACAT	5-ACACACAT	6.817494	-201.656115	0	T:324.0(73.47%),B:4662.9(27.71%),P:1e-87	Tpos:101.8,Tstd:56.0,Bpos:105.6,Bstd:154.4,StrandBias:-0.6,Multiplicity:1.43
0.679	0.092	0.228	0.001
0.001	0.677	0.015	0.307
0.541	0.224	0.194	0.041
0.001	0.997	0.001	0.001
0.672	0.155	0.172	0.001
0.001	0.709	0.001	0.289
0.530	0.147	0.322	0.001
0.001	0.001	0.128	0.870
>TGTGTGCA	6-TGTGTGCA	7.336614	-198.619781	0	T:331.0(75.06%),B:4949.2(29.41%),P:1e-86	Tpos:99.8,Tstd:56.2,Bpos:100.9,Bstd:152.6,StrandBias:0.4,Multiplicity:3.30
0.001	0.342	0.001	0.656
0.001	0.001	0.997	0.001
0.001	0.001	0.001	0.997
0.082	0.001	0.916	0.001
0.001	0.001	0.001	0.997
0.326	0.001	0.672	0.001
0.001	0.656	0.001	0.342
0.997	0.001	0.001	0.001
>CACATACA	7-CACATACA	7.755491	-198.140208	0	T:349.0(79.14%),B:5602.8(33.30%),P:1e-86	Tpos:100.2,Tstd:57.4,Bpos:99.4,Bstd:138.7,StrandBias:-0.3,Multiplicity:2.55
0.001	0.578	0.001	0.420
0.997	0.001	0.001	0.001
0.001	0.593	0.001	0.405
0.597	0.001	0.401	0.001
0.001	0.001	0.001	0.997
0.643	0.001	0.355	0.001
0.001	0.997	0.001	0.001
0.997	0.001	0.001	0.001
>GATGKATG	8-GATGKATG	5.928149	-163.686542	0	T:331.0(75.06%),B:5604.8(33.31%),P:1e-71	Tpos:98.4,Tstd:57.2,Bpos:96.5,Bstd:144.6,StrandBias:0.7,Multiplicity:3.45
0.112	0.090	0.508	0.290
0.576	0.007	0.314	0.103
0.036	0.173	0.116	0.675
0.102	0.093	0.740	0.065
0.043	0.122	0.368	0.466
0.603	0.010	0.265	0.122
0.029	0.039	0.233	0.699
0.151	0.001	0.833	0.015
>GTGTGTGG	9-GTGTGTGG	7.653398	-153.727874	0	T:240.0(54.42%),B:2980.1(17.71%),P:1e-66	Tpos:103.3,Tstd:56.5,Bpos:102.6,Bstd:145.8,StrandBias:0.4,Multiplicity:1.99
0.073	0.001	0.925	0.001
0.015	0.040	0.001	0.944
0.070	0.001	0.928	0.001
0.001	0.027	0.001	0.971
0.135	0.001	0.863	0.001
0.035	0.183	0.097	0.685
0.137	0.160	0.493	0.210
0.117	0.294	0.525	0.064
>GCATGCAT	10-GCATGCAT	8.877333	-147.858798	0	T:124.0(28.12%),B:707.0(4.20%),P:1e-64	Tpos:112.0,Tstd:46.1,Bpos:79.5,Bstd:117.7,StrandBias:0.3,Multiplicity:1.27
0.001	0.084	0.914	0.001
0.001	0.516	0.210	0.273
0.900	0.001	0.081	0.018
0.001	0.072	0.035	0.892
0.039	0.001	0.959	0.001
0.029	0.603	0.191	0.177
0.947	0.001	0.051	0.001
0.001	0.001	0.001	0.997
>YACGYATG	11-YACGYATG	7.107210	-106.051954	0	T:108.0(24.49%),B:771.3(4.58%),P:1e-46	Tpos:99.5,Tstd:53.7,Bpos:101.4,Bstd:142.2,StrandBias:-0.7,Multiplicity:1.46
0.001	0.534	0.001	0.464
0.545	0.072	0.382	0.001
0.001	0.997	0.001	0.001
0.001	0.001	0.997	0.001
0.001	0.566	0.001	0.432
0.997	0.001	0.001	0.001
0.001	0.001	0.001	0.997
0.001	0.001	0.997	0.001
>ACACCACA	12-ACACCACA	9.381251	-75.433294	0	T:89.0(20.18%),B:735.4(4.37%),P:1e-32	Tpos:100.1,Tstd:54.5,Bpos:106.0,Bstd:192.5,StrandBias:-0.4,Multiplicity:3.95
0.997	0.001	0.001	0.001
0.001	0.928	0.001	0.070
0.925	0.001	0.073	0.001
0.078	0.920	0.001	0.001
0.001	0.759	0.008	0.232
0.997	0.001	0.001	0.001
0.001	0.997	0.001	0.001
0.997	0.001	0.001	0.001
>CTCACACA	13-CTCACACA	9.116235	-47.979763	0	T:98.0(22.22%),B:1294.3(7.69%),P:1e-20	Tpos:100.5,Tstd:54.6,Bpos:102.4,Bstd:138.4,StrandBias:0.1,Multiplicity:1.48
0.001	0.997	0.001	0.001
0.001	0.208	0.001	0.790
0.001	0.997	0.001	0.001
0.819	0.001	0.179	0.001
0.001	0.997	0.001	0.001
0.997	0.001	0.001	0.001
0.001	0.997	0.001	0.001
0.997	0.001	0.001	0.001
>CATCATCA	14-CATCATCA	10.254690	-24.226257	0	T:28.0(6.35%),B:227.5(1.35%),P:1e-10	Tpos:98.4,Tstd:57.4,Bpos:95.0,Bstd:154.8,StrandBias:0.5,Multiplicity:4.07
0.001	0.997	0.001	0.001
0.992	0.001	0.006	0.001
0.001	0.367	0.001	0.631
0.001	0.997	0.001	0.001
0.997	0.001	0.001	0.001
0.001	0.292	0.001	0.706
0.001	0.997	0.001	0.001
0.993	0.001	0.005	0.001
>CAYCATCA	15-CAYCATCA	9.112037	-18.929059	0	T:26.0(5.90%),B:252.6(1.50%),P:1e-8	Tpos:106.8,Tstd:53.7,Bpos:102.3,Bstd:146.0,StrandBias:-0.1,Multiplicity:3.18
0.001	0.997	0.001	0.001
0.997	0.001	0.001	0.001
0.001	0.547	0.001	0.451
0.079	0.919	0.001	0.001
0.653	0.230	0.038	0.079
0.001	0.355	0.001	0.643
0.001	0.730	0.001	0.268
0.903	0.095	0.001	0.001
>ATCACYAC	16-ATCACYAC	7.995559	-16.320769	0	T:38.0(8.62%),B:547.0(3.25%),P:1e-7	Tpos:98.5,Tstd:55.0,Bpos:107.0,Bstd:117.6,StrandBias:-0.3,Multiplicity:2.45
0.997	0.001	0.001	0.001
0.001	0.205	0.001	0.793
0.001	0.832	0.166	0.001
0.581	0.220	0.198	0.001
0.046	0.752	0.036	0.166
0.094	0.439	0.041	0.425
0.997	0.001	0.001	0.001
0.001	0.638	0.001	0.360
>CTACCTAC	17-CTACCTAC	8.236954	-12.364721	0	T:8.0(1.81%),B:34.9(0.21%),P:1e-5	Tpos:102.1,Tstd:55.3,Bpos:123.7,Bstd:77.8,StrandBias:-2.5,Multiplicity:4.12
0.100	0.700	0.100	0.100
0.100	0.100	0.100	0.700
0.700	0.100	0.100	0.100
0.100	0.700	0.100	0.100
0.100	0.700	0.100	0.100
0.100	0.100	0.100	0.700
0.700	0.100	0.100	0.100
0.100	0.700	0.100	0.100
>ACATCGGT	18-ACATCGGT	8.236954	-8.066471	0	T:4.0(0.91%),B:12.7(0.08%),P:1e-3	Tpos:102.7,Tstd:48.9,Bpos:87.2,Bstd:29.1,StrandBias:10.0,Multiplicity:4.25
0.700	0.100	0.100	0.100
0.100	0.700	0.100	0.100
0.700	0.100	0.100	0.100
0.100	0.100	0.100	0.700
0.100	0.700	0.100	0.100
0.100	0.100	0.700	0.100
0.100	0.100	0.700	0.100
0.100	0.100	0.100	0.700
>ACYACYAC	19-ACYACYAC	7.961354	-7.909798	0	T:34.0(7.71%),B:687.1(4.08%),P:1e-3	Tpos:96.5,Tstd:56.3,Bpos:98.1,Bstd:135.0,StrandBias:-1.0,Multiplicity:5.56
0.927	0.051	0.004	0.018
0.051	0.561	0.001	0.387
0.085	0.513	0.012	0.390
0.838	0.040	0.022	0.100
0.160	0.759	0.058	0.023
0.001	0.456	0.001	0.542
0.977	0.015	0.007	0.001
0.015	0.706	0.009	0.270
>CCGTGTAT	20-CCGTGTAT	9.491088	-4.980186	0	T:6.0(1.36%),B:63.4(0.38%),P:1e-2	Tpos:107.5,Tstd:16.3,Bpos:84.1,Bstd:43.3,StrandBias:0.0,Multiplicity:1.00
0.001	0.997	0.001	0.001
0.001	0.997	0.001	0.001
0.001	0.001	0.997	0.001
0.001	0.001	0.001	0.997
0.001	0.001	0.997	0.001
0.001	0.001	0.001	0.997
0.720	0.278	0.001	0.001
0.001	0.258	0.001	0.740
>RTACSGTA	21-RTACSGTA	8.531751	-4.498748	0	T:2.0(0.45%),B:6.9(0.04%),P:1e-1	Tpos:106.4,Tstd:64.3,Bpos:70.8,Bstd:48.7,StrandBias:2.8,Multiplicity:4.00
0.477	0.001	0.521	0.001
0.001	0.001	0.001	0.997
0.997	0.001	0.001	0.001
0.001	0.997	0.001	0.001
0.001	0.521	0.477	0.001
0.001	0.134	0.864	0.001
0.350	0.001	0.135	0.514
0.648	0.001	0.350	0.001
>GACACGGA	22-GACACGGA	8.591046	-3.162832	0	T:7.0(1.59%),B:121.3(0.72%),P:1e-1	Tpos:100.2,Tstd:54.7,Bpos:98.9,Bstd:128.9,StrandBias:-10.0,Multiplicity:4.00
0.001	0.001	0.895	0.103
0.997	0.001	0.001	0.001
0.001	0.997	0.001	0.001
0.997	0.001	0.001	0.001
0.001	0.997	0.001	0.001
0.001	0.001	0.997	0.001
0.001	0.001	0.997	0.001
0.812	0.001	0.186	0.001
>AGATATAG	23-AGATATAG	10.833580	-2.734952	0	T:6.0(1.36%),B:107.7(0.64%),P:1e-1	Tpos:101.4,Tstd:65.1,Bpos:102.6,Bstd:80.2,StrandBias:-3.5,Multiplicity:2.00
0.997	0.001	0.001	0.001
0.001	0.001	0.997	0.001
0.894	0.001	0.104	0.001
0.001	0.001	0.001	0.997
0.881	0.001	0.117	0.001
0.001	0.001	0.001	0.997
0.997	0.001	0.001	0.001
0.001	0.001	0.997	0.001
>ATCAAAGT	24-ATCAAAGT	8.236954	-2.628382	0	T:5.0(1.13%),B:84.3(0.50%),P:1e-1	Tpos:108.8,Tstd:52.9,Bpos:106.3,Bstd:74.7,StrandBias:2.2,Multiplicity:3.40
0.700	0.100	0.100	0.100
0.100	0.100	0.100	0.700
0.100	0.700	0.100	0.100
0.700	0.100	0.100	0.100
0.700	0.100	0.100	0.100
0.700	0.100	0.100	0.100
0.100	0.100	0.700	0.100
0.100	0.100	0.100	0.700
>TAGGGTTA	25-TAGGGTTA	8.236954	-0.460341	0	T:1.0(0.23%),B:38.3(0.23%),P:1e0	Tpos:100.6,Tstd:57.8,Bpos:98.9,Bstd:42.1,StrandBias:10.0,Multiplicity:29.00
0.100	0.100	0.100	0.700
0.700	0.100	0.100	0.100
0.100	0.100	0.700	0.100
0.100	0.100	0.700	0.100
0.100	0.100	0.700	0.100
0.100	0.100	0.100	0.700
0.100	0.100	0.100	0.700
0.700	0.100	0.100	0.100
