>TACACACAYG	1-TACACACAYG	10.272960	-314.528764	0	T:229.0(51.93%),B:1221.8(7.26%),P:1e-136	Tpos:98.5,Tstd:53.9,Bpos:100.4,Bstd:160.7,StrandBias:-0.2,Multiplicity:3.08
0.001	0.240	0.001	0.758
0.755	0.001	0.243	0.001
0.001	0.669	0.001	0.329
0.997	0.001	0.001	0.001
0.001	0.726	0.001	0.272
0.880	0.001	0.118	0.001
0.001	0.997	0.001	0.001
0.769	0.102	0.128	0.001
0.011	0.460	0.001	0.528
0.001	0.001	0.997	0.001
>TGCATGYATR	2-TGCATGYATR	8.231723	-274.299796	0	T:298.0(67.57%),B:2921.7(17.36%),P:1e-119	Tpos:98.6,Tstd:55.1,Bpos:97.1,Bstd:150.9,StrandBias:0.1,Multiplicity:3.57
0.073	0.081	0.109	0.737
0.196	0.022	0.781	0.001
0.068	0.623	0.018	0.291
0.826	0.055	0.115	0.004
0.044	0.038	0.024	0.894
0.200	0.001	0.777	0.022
0.016	0.438	0.020	0.526
0.759	0.001	0.236	0.004
0.012	0.222	0.068	0.698
0.449	0.013	0.533	0.005
>GTGCATGTGT	3-GTGCATGTGT	8.403914	-262.737456	0	T:290.0(65.76%),B:2849.4(16.93%),P:1e-114	Tpos:99.5,Tstd:57.9,Bpos:105.5,Bstd:156.8,StrandBias:0.1,Multiplicity:1.86
0.106	0.001	0.892	0.001
0.021	0.001	0.001	0.977
0.079	0.001	0.817	0.103
0.001	0.791	0.001	0.207
0.995	0.002	0.002	0.001
0.096	0.001	0.288	0.615
0.091	0.001	0.813	0.095
0.108	0.001	0.001	0.890
0.001	0.001	0.997	0.001
0.020	0.002	0.153	0.825
>ASTACACACA	4-ASTACACACA	7.235027	-223.972554	0	T:322.0(73.02%),B:4244.6(25.23%),P:1e-97	Tpos:105.0,Tstd:57.2,Bpos:95.5,Bstd:152.3,StrandBias:-0.4,Multiplicity:2.09
0.570	0.001	0.140	0.289
0.001	0.512	0.486	0.001
0.001	0.348	0.015	0.636
0.643	0.090	0.253	0.014
0.007	0.680	0.036	0.277
0.787	0.196	0.001	0.016
0.001	0.619	0.026	0.354
0.698	0.050	0.198	0.054
0.052	0.576	0.011	0.361
0.837	0.113	0.049	0.001
>CGTACACACG	5-CGTACACACG	6.404373	-219.838785	0	T:304.0(68.93%),B:3763.0(22.36%),P:1e-95	Tpos:99.5,Tstd:54.5,Bpos:97.2,Bstd:159.5,StrandBias:0.1,Multiplicity:2.55
0.100	0.700	0.100	0.100
0.100	0.100	0.700	0.100
0.100	0.100	0.100	0.700
0.700	0.100	0.100	0.100
0.100	0.700	0.100	0.100
0.700	0.100	0.100	0.100
0.100	0.700	0.100	0.100
0.700	0.100	0.100	0.100
0.100	0.700	0.100	0.100
0.100	0.100	0.700	0.100
>CRYATATGYA	6-CRYATATGYA	9.313211	-194.450502	0	T:144.0(32.65%),B:703.1(4.18%),P:1e-84	Tpos:97.3,Tstd:52.8,Bpos:98.2,Bstd:163.3,StrandBias:-0.2,Multiplicity:3.44
0.001	0.869	0.001	0.129
0.479	0.001	0.519	0.001
0.001	0.424	0.002	0.573
0.814	0.001	0.184	0.001
0.001	0.017	0.001	0.981
0.650	0.001	0.348	0.001
0.001	0.408	0.001	0.590
0.263	0.001	0.735	0.001
0.001	0.469	0.001	0.529
0.978	0.001	0.020	0.001
>CGSWTACATG	7-CGSWTACATG	6.299980	-169.248361	0	T:276.0(62.59%),B:3720.5(22.11%),P:1e-73	Tpos:93.6,Tstd:56.0,Bpos:102.9,Bstd:151.3,StrandBias:0.5,Multiplicity:1.63
0.052	0.772	0.052	0.124
0.131	0.106	0.693	0.070
0.035	0.409	0.387	0.169
0.446	0.070	0.183	0.301
0.017	0.052	0.073	0.858
0.858	0.017	0.124	0.001
0.052	0.809	0.017	0.122
0.825	0.035	0.105	0.035
0.017	0.052	0.089	0.842
0.198	0.067	0.665	0.070
>GTGTGTGTGT	8-GTGTGTGTGT	6.297664	-143.378904	0	T:376.0(85.26%),B:7911.3(47.02%),P:1e-62	Tpos:94.9,Tstd:58.4,Bpos:104.4,Bstd:148.6,StrandBias:-0.5,Multiplicity:1.50
0.127	0.027	0.837	0.009
0.056	0.092	0.040	0.812
0.385	0.019	0.573	0.023
0.001	0.018	0.111	0.870
0.143	0.064	0.747	0.046
0.088	0.192	0.111	0.609
0.275	0.045	0.667	0.013
0.072	0.177	0.066	0.685
0.164	0.049	0.786	0.001
0.038	0.042	0.086	0.834
>CACAVCACAC	9-CACAVCACAC	9.814767	-125.820479	0	T:93.0(21.09%),B:430.4(2.56%),P:1e-54	Tpos:102.1,Tstd:54.4,Bpos:107.0,Bstd:180.5,StrandBias:-0.1,Multiplicity:3.30
0.001	0.739	0.001	0.259
0.951	0.001	0.047	0.001
0.001	0.704	0.164	0.131
0.441	0.290	0.057	0.212
0.278	0.397	0.324	0.001
0.104	0.612	0.061	0.223
0.868	0.040	0.091	0.001
0.059	0.660	0.044	0.237
0.916	0.001	0.082	0.001
0.001	0.896	0.001	0.102
>GTGTBGTGTG	10-GTGTBGTGTG	8.648403	-109.948708	0	T:124.0(28.12%),B:1005.7(5.98%),P:1e-47	Tpos:101.7,Tstd:56.6,Bpos:108.0,Bstd:172.5,StrandBias:1.0,Multiplicity:2.11
0.135	0.024	0.838	0.003
0.001	0.025	0.046	0.928
0.224	0.019	0.756	0.001
0.009	0.206	0.276	0.509
0.105	0.242	0.312	0.341
0.336	0.012	0.529	0.123
0.001	0.019	0.001	0.979
0.214	0.001	0.784	0.001
0.001	0.044	0.001	0.954
0.187	0.058	0.754	0.001
>BATACACATV	11-BATACACATV	4.815029	-104.511801	0	T:376.0(85.26%),B:8964.5(53.28%),P:1e-45	Tpos:95.1,Tstd:61.5,Bpos:95.4,Bstd:135.6,StrandBias:-0.1,Multiplicity:1.14
0.190	0.359	0.227	0.224
0.497	0.175	0.209	0.120
0.097	0.279	0.139	0.485
0.544	0.166	0.178	0.112
0.086	0.619	0.136	0.159
0.690	0.115	0.076	0.119
0.082	0.661	0.112	0.145
0.591	0.139	0.186	0.084
0.116	0.288	0.152	0.443
0.247	0.279	0.319	0.155
>YACACACVGT	12-YACACACVGT	4.498873	-86.281870	0	T:385.0(87.30%),B:9978.6(59.30%),P:1e-37	Tpos:104.5,Tstd:58.2,Bpos:98.6,Bstd:152.3,StrandBias:0.3,Multiplicity:2.20
0.135	0.382	0.137	0.346
0.985	0.001	0.013	0.001
0.001	0.768	0.001	0.230
0.997	0.001	0.001	0.001
0.001	0.869	0.091	0.039
0.997	0.001	0.001	0.001
0.001	0.853	0.001	0.145
0.249	0.226	0.373	0.152
0.050	0.274	0.622	0.054
0.228	0.039	0.033	0.700
>ATATCCASGT	13-ATATCCASGT	8.991820	-51.611240	0	T:38.0(8.62%),B:171.4(1.02%),P:1e-22	Tpos:91.4,Tstd:59.1,Bpos:124.3,Bstd:105.8,StrandBias:0.5,Multiplicity:2.93
0.877	0.061	0.031	0.031
0.030	0.001	0.030	0.939
0.919	0.001	0.079	0.001
0.030	0.086	0.001	0.883
0.172	0.519	0.278	0.031
0.202	0.492	0.031	0.276
0.661	0.001	0.175	0.163
0.220	0.385	0.261	0.134
0.001	0.001	0.997	0.001
0.001	0.210	0.001	0.788
>ACCATCGCTA	14-ACCATCGCTA	7.316414	-45.244584	0	T:24.0(5.44%),B:62.0(0.37%),P:1e-19	Tpos:103.2,Tstd:55.5,Bpos:95.1,Bstd:25.5,StrandBias:-1.4,Multiplicity:2.64
0.997	0.001	0.001	0.001
0.001	0.997	0.001	0.001
0.001	0.997	0.001	0.001
0.997	0.001	0.001	0.001
0.001	0.001	0.001	0.997
0.001	0.968	0.001	0.030
0.049	0.165	0.785	0.001
0.001	0.997	0.001	0.001
0.001	0.001	0.001	0.997
0.997	0.001	0.001	0.001
>AYCAYCACCA	15-AYCAYCACCA	9.496025	-36.128717	0	T:36.0(8.16%),B:244.6(1.45%),P:1e-15	Tpos:98.5,Tstd:54.8,Bpos:94.2,Bstd:160.2,StrandBias:-0.4,Multiplicity:5.00
0.958	0.001	0.031	0.010
0.021	0.460	0.010	0.509
0.001	0.929	0.056	0.014
0.985	0.001	0.013	0.001
0.001	0.546	0.006	0.447
0.001	0.912	0.001	0.086
0.983	0.001	0.015	0.001
0.018	0.563	0.023	0.396
0.001	0.883	0.001	0.115
0.993	0.001	0.005	0.001
>GTAATGGTAG	16-GTAATGGTAG	10.001950	-17.160902	0	T:13.0(2.95%),B:66.6(0.40%),P:1e-7	Tpos:104.6,Tstd:52.7,Bpos:98.2,Bstd:128.6,StrandBias:1.9,Multiplicity:5.45
0.001	0.001	0.997	0.001
0.001	0.001	0.001	0.997
0.962	0.001	0.036	0.001
0.785	0.001	0.213	0.001
0.001	0.001	0.001	0.997
0.092	0.001	0.906	0.001
0.086	0.001	0.912	0.001
0.001	0.001	0.001	0.997
0.915	0.001	0.083	0.001
0.001	0.001	0.997	0.001
>TACATCCACA	17-TACATCCACA	11.321612	-11.838971	0	T:6.0(1.36%),B:17.6(0.10%),P:1e-5	Tpos:114.4,Tstd:67.6,Bpos:77.5,Bstd:39.9,StrandBias:1.4,Multiplicity:2.20
0.001	0.001	0.001	0.997
0.816	0.001	0.182	0.001
0.001	0.997	0.001	0.001
0.598	0.400	0.001	0.001
0.183	0.001	0.183	0.633
0.182	0.816	0.001	0.001
0.001	0.583	0.001	0.415
0.997	0.001	0.001	0.001
0.001	0.997	0.001	0.001
0.811	0.005	0.183	0.001
>GTATCCATCC	18-GTATCCATCC	11.180647	-8.819906	0	T:9.0(2.04%),B:72.2(0.43%),P:1e-3	Tpos:107.8,Tstd:46.8,Bpos:52.4,Bstd:70.7,StrandBias:1.3,Multiplicity:7.00
0.001	0.383	0.615	0.001
0.001	0.187	0.001	0.811
0.576	0.001	0.422	0.001
0.001	0.001	0.001	0.997
0.001	0.997	0.001	0.001
0.001	0.997	0.001	0.001
0.997	0.001	0.001	0.001
0.001	0.375	0.001	0.623
0.001	0.997	0.001	0.001
0.188	0.623	0.188	0.001
>TAGTACTAST	19-TAGTACTAST	12.273160	-7.995946	0	T:2.0(0.45%),B:0.7(0.00%),P:1e-3	Tpos:101.4,Tstd:55.2,Bpos:92.4,Bstd:21.9,StrandBias:10.0,Multiplicity:2.50
0.001	0.103	0.001	0.895
0.997	0.001	0.001	0.001
0.001	0.001	0.997	0.001
0.001	0.103	0.001	0.895
0.997	0.001	0.001	0.001
0.156	0.513	0.330	0.001
0.001	0.010	0.001	0.988
0.997	0.001	0.001	0.001
0.001	0.510	0.386	0.103
0.001	0.001	0.001	0.997
>TCTACGTGGA	20-TCTACGTGGA	10.296193	-7.995946	0	T:2.0(0.45%),B:0.8(0.00%),P:1e-3	Tpos:84.5,Tstd:48.3,Bpos:72.7,Bstd:19.4,StrandBias:10.0,Multiplicity:4.00
0.100	0.100	0.100	0.700
0.100	0.700	0.100	0.100
0.100	0.100	0.100	0.700
0.700	0.100	0.100	0.100
0.100	0.700	0.100	0.100
0.100	0.100	0.700	0.100
0.100	0.100	0.100	0.700
0.100	0.100	0.700	0.100
0.100	0.100	0.700	0.100
0.700	0.100	0.100	0.100
>GATGGATGGA	21-GATGGATGGA	9.960723	-6.814732	0	T:14.0(3.17%),B:202.3(1.20%),P:1e-2	Tpos:99.3,Tstd:57.6,Bpos:96.2,Bstd:148.5,StrandBias:1.0,Multiplicity:4.14
0.001	0.001	0.905	0.093
0.780	0.001	0.218	0.001
0.185	0.014	0.099	0.702
0.001	0.001	0.792	0.206
0.125	0.001	0.828	0.046
0.812	0.001	0.186	0.001
0.001	0.242	0.001	0.756
0.282	0.001	0.716	0.001
0.178	0.001	0.820	0.001
0.617	0.001	0.085	0.297
>GTTAGGGTTA	22-GTTAGGGTTA	10.296193	-3.654624	0	T:1.0(0.23%),B:1.8(0.01%),P:1e-1	Tpos:97.1,Tstd:57.2,Bpos:97.4,Bstd:18.8,StrandBias:10.0,Multiplicity:28.00
0.100	0.100	0.700	0.100
0.100	0.100	0.100	0.700
0.100	0.100	0.100	0.700
0.700	0.100	0.100	0.100
0.100	0.100	0.700	0.100
0.100	0.100	0.700	0.100
0.100	0.100	0.700	0.100
0.100	0.100	0.100	0.700
0.100	0.100	0.100	0.700
0.700	0.100	0.100	0.100
>CACCACCCTC	23-CACCACCCTC	13.571844	-3.214787	0	T:2.0(0.45%),B:12.3(0.07%),P:1e-1	Tpos:75.4,Tstd:52.4,Bpos:104.2,Bstd:17.1,StrandBias:0.7,Multiplicity:4.00
0.001	0.875	0.001	0.123
0.997	0.001	0.001	0.001
0.001	0.997	0.001	0.001
0.001	0.997	0.001	0.001
0.997	0.001	0.001	0.001
0.001	0.997	0.001	0.001
0.001	0.997	0.001	0.001
0.001	0.997	0.001	0.001
0.123	0.001	0.001	0.875
0.001	0.997	0.001	0.001
>GTGTCCTGTT	24-GTGTCCTGTT	13.250889	-2.581937	0	T:1.0(0.23%),B:3.2(0.02%),P:1e-1	Tpos:179.0,Tstd:14.0,Bpos:90.1,Bstd:19.9,StrandBias:10.0,Multiplicity:2.00
0.094	0.001	0.904	0.001
0.001	0.001	0.001	0.997
0.001	0.001	0.997	0.001
0.001	0.001	0.001	0.997
0.006	0.987	0.006	0.001
0.001	0.887	0.094	0.018
0.112	0.001	0.001	0.886
0.001	0.001	0.997	0.001
0.001	0.001	0.001	0.997
0.101	0.102	0.012	0.785
>ACACTCACTG	25-ACACTCACTG	12.175171	-2.169965	0	T:2.0(0.45%),B:22.5(0.13%),P:1e0	Tpos:116.1,Tstd:55.1,Bpos:113.1,Bstd:50.0,StrandBias:10.0,Multiplicity:4.50
0.997	0.001	0.001	0.001
0.001	0.997	0.001	0.001
0.997	0.001	0.001	0.001
0.001	0.997	0.001	0.001
0.001	0.001	0.190	0.808
0.001	0.997	0.001	0.001
0.997	0.001	0.001	0.001
0.001	0.997	0.001	0.001
0.001	0.001	0.001	0.997
0.001	0.001	0.997	0.001
