>TGTRYAYGCRKG	1-TGTRYAYGCRKG	9.649427	-288.660350	0	T:253.0(57.37%),B:1803.6(10.72%),P:1e-125	Tpos:98.0,Tstd:53.1,Bpos:97.8,Bstd:158.3,StrandBias:0.3,Multiplicity:2.34
0.063	0.001	0.001	0.935
0.037	0.018	0.944	0.001
0.001	0.037	0.185	0.777
0.479	0.001	0.519	0.001
0.001	0.439	0.001	0.559
0.790	0.019	0.172	0.019
0.001	0.469	0.018	0.512
0.156	0.001	0.610	0.233
0.037	0.653	0.074	0.236
0.542	0.037	0.403	0.018
0.001	0.018	0.476	0.505
0.037	0.001	0.605	0.357
>ACACAYATGCAC	2-ACACAYATGCAC	7.216965	-258.953548	0	T:276.0(62.59%),B:2555.4(15.19%),P:1e-112	Tpos:95.5,Tstd:53.7,Bpos:95.2,Bstd:169.7,StrandBias:0.4,Multiplicity:1.66
0.890	0.050	0.001	0.059
0.001	0.939	0.001	0.059
0.939	0.059	0.001	0.001
0.001	0.997	0.001	0.001
0.939	0.059	0.001	0.001
0.001	0.410	0.055	0.534
0.961	0.001	0.020	0.018
0.001	0.001	0.001	0.997
0.059	0.001	0.939	0.001
0.001	0.939	0.001	0.059
0.997	0.001	0.001	0.001
0.059	0.939	0.001	0.001
>YACACRCACRTG	3-YACACRCACRTG	10.174383	-244.336778	0	T:232.0(52.61%),B:1765.9(10.50%),P:1e-106	Tpos:100.1,Tstd:57.3,Bpos:111.4,Bstd:167.7,StrandBias:0.3,Multiplicity:1.59
0.001	0.508	0.001	0.490
0.594	0.001	0.404	0.001
0.001	0.620	0.001	0.378
0.605	0.001	0.393	0.001
0.001	0.627	0.001	0.371
0.511	0.001	0.487	0.001
0.001	0.686	0.001	0.312
0.997	0.001	0.001	0.001
0.001	0.997	0.001	0.001
0.564	0.001	0.434	0.001
0.001	0.001	0.001	0.997
0.001	0.001	0.997	0.001
>ACACRTGTGTRT	4-ACACRTGTGTRT	12.246666	-220.537919	0	T:123.0(27.89%),B:364.3(2.17%),P:1e-95	Tpos:99.4,Tstd:53.4,Bpos:98.5,Bstd:152.4,StrandBias:0.0,Multiplicity:2.94
0.922	0.001	0.076	0.001
0.001	0.732	0.001	0.266
0.952	0.001	0.046	0.001
0.001	0.598	0.001	0.400
0.460	0.001	0.538	0.001
0.001	0.001	0.001	0.997
0.275	0.001	0.723	0.001
0.001	0.001	0.001	0.997
0.380	0.001	0.618	0.001
0.001	0.001	0.001	0.997
0.572	0.001	0.426	0.001
0.001	0.066	0.001	0.932
>KGKATGGATGGD	5-KGKATGGATGGD	6.917441	-204.049623	0	T:276.0(62.59%),B:3205.7(19.05%),P:1e-88	Tpos:95.9,Tstd:56.1,Bpos:101.4,Bstd:128.7,StrandBias:0.1,Multiplicity:1.52
0.151	0.129	0.355	0.365
0.170	0.035	0.738	0.057
0.053	0.150	0.430	0.368
0.555	0.040	0.306	0.099
0.080	0.046	0.192	0.682
0.118	0.040	0.733	0.109
0.046	0.143	0.572	0.239
0.634	0.042	0.238	0.086
0.104	0.103	0.116	0.677
0.144	0.023	0.776	0.057
0.074	0.106	0.558	0.262
0.280	0.092	0.332	0.296
>ATGCGTATATGC	6-ATGCGTATATGC	6.517702	-195.721756	0	T:295.0(66.89%),B:3855.6(22.91%),P:1e-85	Tpos:98.3,Tstd:54.2,Bpos:100.9,Bstd:147.2,StrandBias:0.1,Multiplicity:4.69
0.700	0.100	0.100	0.100
0.100	0.100	0.100	0.700
0.100	0.100	0.700	0.100
0.100	0.700	0.100	0.100
0.100	0.100	0.700	0.100
0.100	0.100	0.100	0.700
0.700	0.100	0.100	0.100
0.100	0.100	0.100	0.700
0.700	0.100	0.100	0.100
0.100	0.100	0.100	0.700
0.100	0.100	0.700	0.100
0.100	0.700	0.100	0.100
>CATATGCACACA	7-CATATGCACACA	11.849508	-177.146623	0	T:131.0(29.71%),B:629.1(3.74%),P:1e-76	Tpos:116.0,Tstd:55.0,Bpos:78.3,Bstd:40.1,StrandBias:-0.4,Multiplicity:1.00
0.095	0.903	0.001	0.001
0.783	0.215	0.001	0.001
0.011	0.413	0.001	0.575
0.903	0.001	0.095	0.001
0.001	0.001	0.304	0.694
0.095	0.001	0.903	0.001
0.001	0.575	0.095	0.329
0.806	0.192	0.001	0.001
0.001	0.891	0.097	0.011
0.997	0.001	0.001	0.001
0.095	0.809	0.001	0.095
0.605	0.299	0.095	0.001
>CACACATGTACA	8-CACACATGTACA	5.688182	-177.142595	0	T:298.0(67.57%),B:4245.6(25.23%),P:1e-76	Tpos:105.0,Tstd:58.1,Bpos:103.1,Bstd:158.9,StrandBias:0.7,Multiplicity:1.49
0.001	0.845	0.001	0.153
0.997	0.001	0.001	0.001
0.001	0.997	0.001	0.001
0.997	0.001	0.001	0.001
0.001	0.845	0.001	0.153
0.997	0.001	0.001	0.001
0.001	0.091	0.221	0.687
0.001	0.001	0.997	0.001
0.154	0.257	0.001	0.588
0.832	0.001	0.001	0.166
0.001	0.941	0.001	0.057
0.997	0.001	0.001	0.001
>GATGGATGCATG	9-GATGGATGCATG	6.569338	-172.922388	0	T:313.0(70.98%),B:4800.6(28.53%),P:1e-75	Tpos:96.5,Tstd:55.8,Bpos:96.7,Bstd:140.3,StrandBias:0.5,Multiplicity:2.17
0.059	0.030	0.540	0.371
0.879	0.020	0.062	0.039
0.115	0.022	0.001	0.862
0.088	0.001	0.796	0.115
0.157	0.144	0.573	0.126
0.699	0.001	0.299	0.001
0.001	0.007	0.001	0.991
0.047	0.001	0.951	0.001
0.182	0.423	0.241	0.155
0.944	0.001	0.054	0.001
0.001	0.022	0.019	0.958
0.365	0.001	0.633	0.001
>CACACMMCACAC	10-CACACMMCACAC	9.228648	-163.400540	0	T:135.0(30.61%),B:762.5(4.53%),P:1e-70	Tpos:101.9,Tstd:54.3,Bpos:97.7,Bstd:188.3,StrandBias:-0.4,Multiplicity:5.32
0.001	0.754	0.060	0.185
0.997	0.001	0.001	0.001
0.001	0.780	0.001	0.218
0.887	0.001	0.111	0.001
0.001	0.763	0.001	0.235
0.349	0.355	0.156	0.140
0.498	0.381	0.091	0.030
0.001	0.849	0.005	0.145
0.997	0.001	0.001	0.001
0.044	0.841	0.001	0.114
0.997	0.001	0.001	0.001
0.001	0.889	0.001	0.109
>AYWGTRTRTACA	11-AYWGTRTRTACA	7.696165	-99.618354	0	T:180.0(40.82%),B:2329.5(13.84%),P:1e-43	Tpos:100.0,Tstd:54.8,Bpos:96.6,Bstd:140.1,StrandBias:0.1,Multiplicity:2.49
0.733	0.001	0.265	0.001
0.058	0.405	0.204	0.333
0.467	0.001	0.149	0.383
0.013	0.222	0.764	0.001
0.001	0.109	0.001	0.889
0.497	0.001	0.501	0.001
0.001	0.303	0.001	0.695
0.535	0.001	0.463	0.001
0.001	0.215	0.001	0.783
0.640	0.001	0.358	0.001
0.001	0.633	0.052	0.314
0.555	0.001	0.055	0.389
>TATSTVTCTATG	12-TATSTVTCTATG	11.775843	-94.040358	0	T:126.0(28.57%),B:1213.3(7.21%),P:1e-40	Tpos:93.4,Tstd:53.2,Bpos:113.2,Bstd:142.1,StrandBias:-1.1,Multiplicity:1.82
0.001	0.001	0.001	0.997
0.584	0.001	0.414	0.001
0.001	0.001	0.001	0.997
0.072	0.518	0.409	0.001
0.001	0.001	0.001	0.997
0.355	0.252	0.392	0.001
0.001	0.001	0.001	0.997
0.088	0.587	0.324	0.001
0.001	0.001	0.001	0.997
0.753	0.001	0.245	0.001
0.001	0.001	0.001	0.997
0.072	0.001	0.926	0.001
>CYGTGTGTAYAT	13-CYGTGTGTAYAT	12.163460	-55.006790	0	T:22.0(4.99%),B:30.5(0.18%),P:1e-23	Tpos:105.8,Tstd:63.8,Bpos:115.7,Bstd:23.7,StrandBias:2.2,Multiplicity:3.30
0.057	0.827	0.115	0.001
0.179	0.437	0.029	0.356
0.115	0.001	0.827	0.057
0.001	0.001	0.028	0.970
0.057	0.029	0.913	0.001
0.001	0.001	0.001	0.997
0.028	0.001	0.970	0.001
0.001	0.139	0.001	0.859
0.855	0.057	0.087	0.001
0.030	0.436	0.029	0.505
0.970	0.001	0.028	0.001
0.001	0.057	0.001	0.941
>CATCATCATCAC	14-CATCATCATCAC	9.238603	-42.226512	0	T:27.0(6.12%),B:98.2(0.58%),P:1e-18	Tpos:98.6,Tstd:53.0,Bpos:92.9,Bstd:165.3,StrandBias:0.1,Multiplicity:8.07
0.001	0.997	0.001	0.001
0.988	0.001	0.010	0.001
0.001	0.276	0.001	0.722
0.001	0.988	0.001	0.010
0.988	0.001	0.010	0.001
0.001	0.306	0.001	0.692
0.011	0.977	0.011	0.001
0.974	0.001	0.024	0.001
0.001	0.001	0.001	0.997
0.001	0.997	0.001	0.001
0.997	0.001	0.001	0.001
0.001	0.791	0.001	0.207
>GTACTGYACACA	15-GTACTGYACACA	12.619963	-39.823942	0	T:8.0(1.81%),B:0.9(0.01%),P:1e-17	Tpos:105.8,Tstd:54.0,Bpos:74.3,Bstd:29.2,StrandBias:1.6,Multiplicity:2.29
0.133	0.001	0.865	0.001
0.001	0.297	0.134	0.568
0.997	0.001	0.001	0.001
0.292	0.706	0.001	0.001
0.001	0.001	0.001	0.997
0.001	0.001	0.997	0.001
0.001	0.410	0.134	0.456
0.563	0.297	0.134	0.006
0.001	0.997	0.001	0.001
0.865	0.001	0.133	0.001
0.001	0.865	0.001	0.133
0.993	0.001	0.005	0.001
>RGTRGTRGTRGT	16-RGTRGTRGTRGT	10.300249	-38.632151	0	T:35.0(7.94%),B:211.4(1.26%),P:1e-16	Tpos:99.1,Tstd:55.3,Bpos:98.0,Bstd:160.4,StrandBias:0.9,Multiplicity:3.93
0.477	0.001	0.521	0.001
0.289	0.001	0.709	0.001
0.001	0.001	0.084	0.914
0.424	0.001	0.574	0.001
0.342	0.001	0.656	0.001
0.001	0.001	0.032	0.966
0.468	0.001	0.530	0.001
0.250	0.001	0.748	0.001
0.001	0.001	0.001	0.997
0.515	0.001	0.483	0.001
0.291	0.001	0.707	0.001
0.001	0.001	0.213	0.785
>TGTGTGTGWCAT	17-TGTGTGTGWCAT	10.452255	-29.381656	0	T:19.0(4.31%),B:73.0(0.43%),P:1e-12	Tpos:127.4,Tstd:45.9,Bpos:91.4,Bstd:60.1,StrandBias:1.0,Multiplicity:1.50
0.001	0.001	0.001	0.997
0.162	0.001	0.836	0.001
0.001	0.001	0.001	0.997
0.202	0.001	0.796	0.001
0.001	0.003	0.001	0.995
0.198	0.001	0.800	0.001
0.001	0.001	0.183	0.815
0.322	0.001	0.676	0.001
0.489	0.001	0.001	0.509
0.001	0.997	0.001	0.001
0.997	0.001	0.001	0.001
0.001	0.001	0.001	0.997
>AAAATATCAAAG	18-AAAATATCAAAG	16.513398	-23.039715	0	T:5.0(1.13%),B:0.8(0.00%),P:1e-10	Tpos:100.1,Tstd:51.4,Bpos:61.4,Bstd:17.2,StrandBias:2.7,Multiplicity:3.00
0.997	0.001	0.001	0.001
0.997	0.001	0.001	0.001
0.997	0.001	0.001	0.001
0.997	0.001	0.001	0.001
0.001	0.001	0.001	0.997
0.997	0.001	0.001	0.001
0.001	0.001	0.001	0.997
0.001	0.955	0.043	0.001
0.997	0.001	0.001	0.001
0.997	0.001	0.001	0.001
0.955	0.001	0.043	0.001
0.001	0.001	0.997	0.001
>AGRTGTAGGTGT	19-AGRTGTAGGTGT	11.925422	-20.233669	0	T:6.0(1.36%),B:4.2(0.02%),P:1e-8	Tpos:97.5,Tstd:54.9,Bpos:81.4,Bstd:17.6,StrandBias:-0.1,Multiplicity:4.60
0.775	0.001	0.223	0.001
0.001	0.001	0.997	0.001
0.490	0.001	0.508	0.001
0.001	0.001	0.001	0.997
0.223	0.001	0.775	0.001
0.001	0.031	0.001	0.967
0.997	0.001	0.001	0.001
0.001	0.001	0.997	0.001
0.017	0.001	0.981	0.001
0.001	0.001	0.001	0.997
0.001	0.001	0.997	0.001
0.001	0.010	0.001	0.988
>CATCGGTTACAT	20-CATCGGTTACAT	12.355432	-17.778771	0	T:4.0(0.91%),B:0.0(0.00%),P:1e-7	Tpos:105.7,Tstd:48.9,Bpos:0.0,Bstd:0.0,StrandBias:10.0,Multiplicity:4.25
0.100	0.700	0.100	0.100
0.700	0.100	0.100	0.100
0.100	0.100	0.100	0.700
0.100	0.700	0.100	0.100
0.100	0.100	0.700	0.100
0.100	0.100	0.700	0.100
0.100	0.100	0.100	0.700
0.100	0.100	0.100	0.700
0.700	0.100	0.100	0.100
0.100	0.700	0.100	0.100
0.700	0.100	0.100	0.100
0.100	0.100	0.100	0.700
>RTAYACTRTACA	21-RTAYACTRTACA	10.341608	-15.078757	0	T:5.0(1.13%),B:6.0(0.04%),P:1e-6	Tpos:93.7,Tstd:47.8,Bpos:73.8,Bstd:7.9,StrandBias:2.2,Multiplicity:2.20
0.498	0.152	0.349	0.001
0.001	0.364	0.001	0.634
0.681	0.001	0.317	0.001
0.001	0.428	0.013	0.558
0.681	0.001	0.239	0.079
0.001	0.465	0.312	0.222
0.322	0.083	0.073	0.522
0.439	0.068	0.487	0.007
0.013	0.360	0.001	0.626
0.811	0.006	0.182	0.001
0.001	0.577	0.006	0.416
0.653	0.099	0.115	0.133
>CGSYCTYACRCA	22-CGSYCTYACRCA	8.215155	-14.329198	0	T:8.0(1.81%),B:27.0(0.16%),P:1e-6	Tpos:88.4,Tstd:50.2,Bpos:118.9,Bstd:26.6,StrandBias:5.1,Multiplicity:4.38
0.001	0.978	0.001	0.020
0.004	0.001	0.994	0.001
0.001	0.460	0.538	0.001
0.001	0.440	0.094	0.465
0.001	0.997	0.001	0.001
0.001	0.001	0.001	0.997
0.001	0.439	0.001	0.559
0.904	0.001	0.094	0.001
0.001	0.997	0.001	0.001
0.559	0.001	0.439	0.001
0.001	0.997	0.001	0.001
0.997	0.001	0.001	0.001
>TGTCCGTGTCCK	23-TGTCCGTGTCCK	13.325480	-7.995946	0	T:2.0(0.45%),B:0.9(0.01%),P:1e-3	Tpos:96.8,Tstd:48.6,Bpos:93.2,Bstd:16.7,StrandBias:10.0,Multiplicity:8.50
0.001	0.001	0.001	0.997
0.001	0.001	0.997	0.001
0.001	0.001	0.001	0.997
0.001	0.997	0.001	0.001
0.001	0.939	0.001	0.059
0.291	0.001	0.707	0.001
0.001	0.001	0.001	0.997
0.001	0.001	0.997	0.001
0.001	0.001	0.001	0.997
0.001	0.997	0.001	0.001
0.001	0.939	0.001	0.059
0.060	0.001	0.472	0.468
>GTTAGGGTTAGG	24-GTTAGGGTTAGG	16.548687	-3.654624	0	T:1.0(0.23%),B:0.3(0.00%),P:1e-1	Tpos:99.9,Tstd:57.5,Bpos:98.9,Bstd:19.6,StrandBias:10.0,Multiplicity:27.00
0.001	0.001	0.997	0.001
0.001	0.001	0.026	0.972
0.001	0.001	0.001	0.997
0.997	0.001	0.001	0.001
0.001	0.001	0.997	0.001
0.001	0.001	0.997	0.001
0.001	0.001	0.997	0.001
0.001	0.001	0.001	0.997
0.001	0.001	0.001	0.997
0.997	0.001	0.001	0.001
0.026	0.001	0.972	0.001
0.001	0.001	0.997	0.001
>TGTGYAGGTGGA	25-TGTGYAGGTGGA	15.602263	-3.654624	0	T:1.0(0.23%),B:0.5(0.00%),P:1e-1	Tpos:49.0,Tstd:27.0,Bpos:57.6,Bstd:13.2,StrandBias:-10.0,Multiplicity:2.00
0.052	0.001	0.001	0.946
0.001	0.001	0.946	0.052
0.001	0.001	0.001	0.997
0.001	0.001	0.997	0.001
0.001	0.448	0.001	0.550
0.879	0.001	0.119	0.001
0.001	0.001	0.997	0.001
0.105	0.005	0.889	0.001
0.001	0.001	0.001	0.997
0.001	0.001	0.997	0.001
0.001	0.055	0.942	0.002
0.997	0.001	0.001	0.001
