>YACACACATG	1-YACACACATG	9.543055	-712.937824	0	T:868.0(45.16%),B:2001.5(11.10%),P:1e-309	Tpos:100.8,Tstd:52.8,Bpos:99.2,Bstd:157.5,StrandBias:-0.1,Multiplicity:3.25
0.001	0.426	0.001	0.572
0.704	0.001	0.294	0.001
0.001	0.793	0.001	0.205
0.997	0.001	0.001	0.001
0.001	0.757	0.001	0.241
0.997	0.001	0.001	0.001
0.001	0.822	0.001	0.176
0.829	0.001	0.169	0.001
0.001	0.121	0.001	0.877
0.118	0.023	0.858	0.001
>CGTATACGCA	2-CGTATACGCA	9.249460	-540.103616	0	T:474.0(24.66%),B:679.5(3.77%),P:1e-234	Tpos:100.2,Tstd:53.5,Bpos:98.2,Bstd:129.2,StrandBias:-0.2,Multiplicity:3.14
0.001	0.806	0.001	0.192
0.162	0.001	0.836	0.001
0.001	0.001	0.001	0.997
0.997	0.001	0.001	0.001
0.001	0.001	0.001	0.997
0.997	0.001	0.001	0.001
0.001	0.860	0.001	0.138
0.367	0.001	0.631	0.001
0.001	0.889	0.001	0.109
0.993	0.001	0.005	0.001
>TGGATGGATG	3-TGGATGGATG	7.132832	-538.704829	0	T:1079.0(56.14%),B:3923.2(21.75%),P:1e-233	Tpos:100.3,Tstd:54.4,Bpos:99.2,Bstd:149.1,StrandBias:0.3,Multiplicity:2.49
0.078	0.045	0.083	0.794
0.117	0.036	0.786	0.061
0.070	0.238	0.452	0.240
0.628	0.027	0.282	0.063
0.040	0.025	0.043	0.892
0.136	0.018	0.808	0.038
0.123	0.268	0.434	0.175
0.622	0.038	0.235	0.105
0.031	0.054	0.111	0.804
0.140	0.040	0.781	0.039
>TGTACGTATG	4-TGTACGTATG	6.404373	-498.732636	0	T:1185.0(61.65%),B:4917.0(27.27%),P:1e-216	Tpos:99.2,Tstd:54.5,Bpos:99.7,Bstd:149.8,StrandBias:0.2,Multiplicity:2.81
0.100	0.100	0.100	0.700
0.100	0.100	0.700	0.100
0.100	0.100	0.100	0.700
0.700	0.100	0.100	0.100
0.100	0.700	0.100	0.100
0.100	0.100	0.700	0.100
0.100	0.100	0.100	0.700
0.700	0.100	0.100	0.100
0.100	0.100	0.100	0.700
0.100	0.100	0.700	0.100
>TRCACACACA	5-TRCACACACA	8.159872	-486.795225	0	T:1099.0(57.18%),B:4322.7(23.97%),P:1e-211	Tpos:102.7,Tstd:56.0,Bpos:98.3,Bstd:118.9,StrandBias:-0.6,Multiplicity:1.25
0.001	0.001	0.001	0.997
0.441	0.092	0.465	0.001
0.001	0.622	0.060	0.317
0.799	0.094	0.078	0.029
0.001	0.583	0.138	0.278
0.804	0.058	0.019	0.119
0.001	0.733	0.001	0.265
0.997	0.001	0.001	0.001
0.099	0.638	0.104	0.159
0.754	0.095	0.001	0.150
>TACACATGCA	6-TACACATGCA	7.183788	-418.512336	0	T:1215.0(63.22%),B:5629.4(31.22%),P:1e-181	Tpos:99.1,Tstd:56.1,Bpos:98.9,Bstd:138.5,StrandBias:0.1,Multiplicity:1.64
0.028	0.199	0.068	0.705
0.721	0.116	0.124	0.039
0.093	0.738	0.092	0.077
0.951	0.018	0.015	0.016
0.025	0.892	0.022	0.061
0.850	0.101	0.026	0.023
0.048	0.052	0.095	0.805
0.255	0.020	0.670	0.055
0.012	0.796	0.040	0.152
0.873	0.033	0.053	0.041
>TRTACACGTR	7-TRTACACGTR	7.892984	-413.330932	0	T:1179.0(61.34%),B:5363.5(29.74%),P:1e-179	Tpos:96.8,Tstd:56.8,Bpos:101.2,Bstd:148.1,StrandBias:-0.2,Multiplicity:2.37
0.001	0.370	0.001	0.628
0.526	0.001	0.472	0.001
0.001	0.387	0.001	0.611
0.786	0.001	0.212	0.001
0.001	0.688	0.001	0.310
0.997	0.001	0.001	0.001
0.001	0.997	0.001	0.001
0.386	0.001	0.612	0.001
0.001	0.381	0.001	0.617
0.428	0.103	0.415	0.054
>NGTACATACN	8-NGTACATACN	5.495508	-406.535212	0	T:546.0(28.41%),B:1268.1(7.03%),P:1e-176	Tpos:101.9,Tstd:55.8,Bpos:102.6,Bstd:123.8,StrandBias:-1.6,Multiplicity:1.33
0.227	0.231	0.248	0.294
0.211	0.168	0.487	0.135
0.130	0.193	0.143	0.534
0.524	0.142	0.188	0.146
0.093	0.697	0.124	0.086
0.720	0.136	0.026	0.118
0.118	0.229	0.155	0.498
0.520	0.148	0.186	0.146
0.146	0.494	0.168	0.193
0.233	0.273	0.224	0.270
>YAYACACATG	9-YAYACACATG	6.425542	-369.482176	0	T:1301.0(67.69%),B:6710.5(37.21%),P:1e-160	Tpos:102.5,Tstd:54.6,Bpos:97.7,Bstd:136.6,StrandBias:-0.1,Multiplicity:1.43
0.031	0.497	0.119	0.354
0.515	0.068	0.252	0.165
0.001	0.470	0.001	0.528
0.677	0.001	0.321	0.001
0.001	0.925	0.001	0.073
0.997	0.001	0.001	0.001
0.001	0.678	0.050	0.271
0.776	0.041	0.182	0.001
0.001	0.268	0.092	0.639
0.055	0.142	0.802	0.001
>ACACACCACA	10-ACACACCACA	9.158625	-255.021618	0	T:347.0(18.05%),B:781.2(4.33%),P:1e-110	Tpos:99.6,Tstd:54.0,Bpos:103.5,Bstd:163.4,StrandBias:-0.2,Multiplicity:4.32
0.900	0.062	0.001	0.037
0.001	0.805	0.001	0.193
0.997	0.001	0.001	0.001
0.001	0.881	0.011	0.107
0.665	0.219	0.001	0.115
0.387	0.550	0.038	0.025
0.205	0.705	0.001	0.089
0.798	0.082	0.021	0.099
0.001	0.760	0.001	0.238
0.907	0.001	0.091	0.001
>GTGTGGTGTG	11-GTGTGGTGTG	7.792592	-235.702903	0	T:444.0(23.10%),B:1329.2(7.37%),P:1e-102	Tpos:101.5,Tstd:57.4,Bpos:96.2,Bstd:151.2,StrandBias:0.2,Multiplicity:1.72
0.179	0.001	0.819	0.001
0.001	0.001	0.001	0.997
0.295	0.001	0.703	0.001
0.091	0.213	0.198	0.498
0.263	0.080	0.423	0.235
0.204	0.077	0.526	0.193
0.013	0.133	0.259	0.595
0.328	0.001	0.670	0.001
0.025	0.001	0.001	0.973
0.203	0.005	0.791	0.001
>CACACACACC	12-CACACACACC	8.271795	-230.152824	0	T:573.0(29.81%),B:2108.9(11.69%),P:1e-99	Tpos:102.3,Tstd:56.6,Bpos:101.6,Bstd:133.0,StrandBias:-0.4,Multiplicity:1.72
0.039	0.812	0.023	0.126
0.598	0.194	0.089	0.119
0.003	0.807	0.001	0.189
0.632	0.271	0.001	0.096
0.001	0.809	0.001	0.189
0.773	0.001	0.071	0.155
0.001	0.803	0.001	0.195
0.747	0.206	0.001	0.046
0.001	0.997	0.001	0.001
0.001	0.734	0.001	0.264
>CATACTACAC	13-CATACTACAC	9.613401	-193.402941	0	T:133.0(6.92%),B:125.3(0.69%),P:1e-83	Tpos:95.6,Tstd:49.0,Bpos:106.7,Bstd:27.6,StrandBias:-0.3,Multiplicity:1.44
0.001	0.718	0.079	0.202
0.997	0.001	0.001	0.001
0.001	0.138	0.034	0.827
0.594	0.046	0.246	0.114
0.114	0.747	0.138	0.001
0.001	0.374	0.079	0.546
0.648	0.001	0.350	0.001
0.001	0.625	0.001	0.373
0.997	0.001	0.001	0.001
0.001	0.997	0.001	0.001
>GTACTTTGAT	14-GTACTTTGAT	10.296193	-94.275310	0	T:30.0(1.56%),B:5.9(0.03%),P:1e-40	Tpos:99.3,Tstd:51.3,Bpos:113.1,Bstd:13.5,StrandBias:-1.1,Multiplicity:2.57
0.100	0.100	0.700	0.100
0.100	0.100	0.100	0.700
0.700	0.100	0.100	0.100
0.100	0.700	0.100	0.100
0.100	0.100	0.100	0.700
0.100	0.100	0.100	0.700
0.100	0.100	0.100	0.700
0.100	0.100	0.700	0.100
0.700	0.100	0.100	0.100
0.100	0.100	0.100	0.700
>CAYCAYCATC	15-CAYCAYCATC	10.175419	-88.191218	0	T:79.0(4.11%),B:109.3(0.61%),P:1e-38	Tpos:93.8,Tstd:58.2,Bpos:117.3,Bstd:103.3,StrandBias:0.1,Multiplicity:1.77
0.005	0.719	0.001	0.275
0.774	0.111	0.114	0.001
0.006	0.482	0.001	0.511
0.004	0.822	0.028	0.146
0.779	0.095	0.054	0.072
0.010	0.450	0.016	0.524
0.005	0.793	0.001	0.201
0.794	0.001	0.183	0.022
0.020	0.387	0.014	0.579
0.053	0.838	0.001	0.108
>GTACATGAAA	16-GTACATGAAA	11.579894	-87.999503	0	T:35.0(1.82%),B:11.1(0.06%),P:1e-38	Tpos:121.4,Tstd:44.2,Bpos:103.1,Bstd:22.8,StrandBias:-0.9,Multiplicity:1.35
0.001	0.001	0.997	0.001
0.001	0.001	0.001	0.997
0.997	0.001	0.001	0.001
0.001	0.997	0.001	0.001
0.997	0.001	0.001	0.001
0.001	0.001	0.001	0.997
0.110	0.001	0.888	0.001
0.973	0.001	0.001	0.025
0.973	0.001	0.001	0.025
0.997	0.001	0.001	0.001
>AYCAYCAYCA	17-AYCAYCAYCA	11.266474	-82.180196	0	T:65.0(3.38%),B:76.7(0.43%),P:1e-35	Tpos:102.4,Tstd:55.0,Bpos:125.7,Bstd:81.7,StrandBias:0.1,Multiplicity:3.69
0.968	0.013	0.012	0.007
0.017	0.493	0.008	0.482
0.001	0.909	0.024	0.066
0.958	0.006	0.031	0.005
0.034	0.446	0.015	0.505
0.011	0.878	0.007	0.104
0.964	0.008	0.019	0.009
0.018	0.483	0.004	0.495
0.014	0.898	0.009	0.079
0.944	0.016	0.024	0.016
>TATGTACAGT	18-TATGTACAGT	10.296193	-72.353743	0	T:34.0(1.77%),B:16.5(0.09%),P:1e-31	Tpos:103.1,Tstd:52.4,Bpos:100.1,Bstd:30.8,StrandBias:-0.8,Multiplicity:2.41
0.100	0.100	0.100	0.700
0.700	0.100	0.100	0.100
0.100	0.100	0.100	0.700
0.100	0.100	0.700	0.100
0.100	0.100	0.100	0.700
0.700	0.100	0.100	0.100
0.100	0.700	0.100	0.100
0.700	0.100	0.100	0.100
0.100	0.100	0.700	0.100
0.100	0.100	0.100	0.700
>TGTATTTGGT	19-TGTATTTGGT	11.434776	-67.750773	0	T:22.0(1.14%),B:4.1(0.02%),P:1e-29	Tpos:96.4,Tstd:60.3,Bpos:90.5,Bstd:26.7,StrandBias:0.2,Multiplicity:1.67
0.001	0.001	0.001	0.997
0.001	0.001	0.997	0.001
0.001	0.001	0.001	0.997
0.997	0.001	0.001	0.001
0.001	0.001	0.001	0.997
0.001	0.001	0.001	0.997
0.001	0.016	0.001	0.982
0.001	0.092	0.906	0.001
0.001	0.001	0.997	0.001
0.001	0.001	0.001	0.997
>ACCAYCACCA	20-ACCAYCACCA	10.475893	-44.805345	0	T:100.0(5.20%),B:324.7(1.80%),P:1e-19	Tpos:100.9,Tstd:54.7,Bpos:93.6,Bstd:167.2,StrandBias:-0.9,Multiplicity:5.01
0.997	0.001	0.001	0.001
0.001	0.862	0.001	0.136
0.001	0.793	0.001	0.205
0.997	0.001	0.001	0.001
0.001	0.510	0.001	0.488
0.001	0.810	0.001	0.188
0.997	0.001	0.001	0.001
0.001	0.732	0.001	0.266
0.001	0.825	0.001	0.173
0.997	0.001	0.001	0.001
>CCAAAGTATG	21-CCAAAGTATG	13.810584	-26.818948	0	T:10.0(0.52%),B:3.9(0.02%),P:1e-11	Tpos:96.4,Tstd:52.8,Bpos:100.7,Bstd:23.0,StrandBias:4.6,Multiplicity:2.50
0.001	0.997	0.001	0.001
0.001	0.975	0.023	0.001
0.997	0.001	0.001	0.001
0.997	0.001	0.001	0.001
0.997	0.001	0.001	0.001
0.001	0.001	0.997	0.001
0.001	0.001	0.001	0.997
0.997	0.001	0.001	0.001
0.001	0.001	0.001	0.997
0.001	0.001	0.997	0.001
>GTAGTAGTAG	22-GTAGTAGTAG	9.196186	-18.805673	0	T:34.0(1.77%),B:99.7(0.55%),P:1e-8	Tpos:102.5,Tstd:55.9,Bpos:97.6,Bstd:127.5,StrandBias:-0.9,Multiplicity:2.13
0.001	0.001	0.997	0.001
0.001	0.001	0.001	0.997
0.844	0.001	0.135	0.020
0.020	0.045	0.934	0.001
0.001	0.075	0.020	0.904
0.772	0.001	0.226	0.001
0.020	0.045	0.934	0.001
0.001	0.019	0.001	0.979
0.897	0.001	0.082	0.020
0.001	0.019	0.979	0.001
>TACCGTATAT	23-TACCGTATAT	12.708858	-16.075361	0	T:5.0(0.26%),B:0.5(0.00%),P:1e-6	Tpos:126.5,Tstd:44.3,Bpos:123.3,Bstd:19.6,StrandBias:1.7,Multiplicity:3.25
0.001	0.001	0.001	0.997
0.997	0.001	0.001	0.001
0.001	0.997	0.001	0.001
0.059	0.939	0.001	0.001
0.001	0.001	0.997	0.001
0.001	0.410	0.001	0.588
0.588	0.410	0.001	0.001
0.001	0.001	0.001	0.997
0.997	0.001	0.001	0.001
0.001	0.005	0.005	0.989
>CACATCGGTT	24-CACATCGGTT	10.537220	-16.075361	0	T:5.0(0.26%),B:1.1(0.01%),P:1e-6	Tpos:102.1,Tstd:55.3,Bpos:104.6,Bstd:19.7,StrandBias:10.0,Multiplicity:3.00
0.001	0.997	0.001	0.001
0.997	0.001	0.001	0.001
0.001	0.997	0.001	0.001
0.997	0.001	0.001	0.001
0.001	0.040	0.040	0.919
0.001	0.997	0.001	0.001
0.040	0.001	0.958	0.001
0.001	0.001	0.997	0.001
0.001	0.001	0.001	0.997
0.001	0.001	0.040	0.958
>CCTAACCCTA	25-CCTAACCCTA	13.812633	-3.925744	0	T:2.0(0.10%),B:2.5(0.01%),P:1e-1	Tpos:89.3,Tstd:50.0,Bpos:92.5,Bstd:22.9,StrandBias:2.5,Multiplicity:13.50
0.001	0.997	0.001	0.001
0.001	0.977	0.021	0.001
0.001	0.001	0.001	0.997
0.997	0.001	0.001	0.001
0.997	0.001	0.001	0.001
0.001	0.997	0.001	0.001
0.001	0.997	0.001	0.001
0.001	0.997	0.001	0.001
0.001	0.001	0.001	0.997
0.997	0.001	0.001	0.001
>CAYATACATGYA	1-CAYATACATGYA	5.882177	-655.632291	0	T:928.0(48.28%),B:2497.1(13.85%),P:1e-284	Tpos:99.6,Tstd:53.1,Bpos:96.9,Bstd:150.3,StrandBias:-0.1,Multiplicity:3.78
0.001	0.997	0.001	0.001
0.795	0.003	0.198	0.004
0.001	0.468	0.001	0.530
0.965	0.001	0.033	0.001
0.001	0.001	0.001	0.997
0.997	0.001	0.001	0.001
0.001	0.997	0.001	0.001
0.789	0.001	0.209	0.001
0.001	0.132	0.001	0.866
0.162	0.001	0.836	0.001
0.002	0.478	0.016	0.504
0.780	0.030	0.184	0.006
>TATACACAYGTG	2-TATACACAYGTG	11.498978	-576.944852	0	T:481.0(25.03%),B:645.9(3.58%),P:1e-250	Tpos:101.6,Tstd:52.5,Bpos:102.1,Bstd:143.0,StrandBias:0.0,Multiplicity:3.14
0.013	0.231	0.012	0.744
0.781	0.010	0.200	0.009
0.007	0.272	0.009	0.712
0.871	0.008	0.113	0.008
0.004	0.707	0.009	0.280
0.920	0.007	0.066	0.007
0.004	0.761	0.007	0.228
0.857	0.008	0.132	0.003
0.005	0.542	0.018	0.435
0.401	0.025	0.563	0.011
0.012	0.123	0.025	0.840
0.244	0.024	0.703	0.029
>TGYATGTGTGTG	3-TGYATGTGTGTG	8.620433	-558.882247	0	T:1058.0(55.05%),B:3685.5(20.44%),P:1e-242	Tpos:96.2,Tstd:55.7,Bpos:102.9,Bstd:141.0,StrandBias:0.2,Multiplicity:1.53
0.130	0.004	0.156	0.710
0.281	0.142	0.477	0.100
0.042	0.485	0.001	0.472
0.581	0.377	0.001	0.041
0.016	0.299	0.001	0.684
0.274	0.128	0.597	0.001
0.051	0.001	0.001	0.947
0.001	0.108	0.890	0.001
0.090	0.001	0.001	0.908
0.172	0.116	0.699	0.013
0.092	0.007	0.088	0.813
0.199	0.225	0.469	0.106
>TGTGGATGGATG	4-TGTGGATGGATG	6.932186	-509.895689	0	T:971.0(50.52%),B:3314.0(18.38%),P:1e-221	Tpos:109.4,Tstd:57.2,Bpos:95.9,Bstd:115.1,StrandBias:-0.1,Multiplicity:1.27
0.214	0.111	0.228	0.447
0.108	0.087	0.716	0.089
0.128	0.048	0.138	0.686
0.124	0.045	0.736	0.095
0.103	0.125	0.525	0.247
0.563	0.108	0.229	0.100
0.128	0.064	0.172	0.636
0.114	0.056	0.747	0.083
0.120	0.136	0.531	0.213
0.551	0.110	0.228	0.111
0.125	0.076	0.199	0.600
0.212	0.142	0.479	0.167
>ACACMCACATRY	5-ACACMCACATRY	9.391084	-465.470403	0	T:666.0(34.65%),B:1685.5(9.35%),P:1e-202	Tpos:113.8,Tstd:48.0,Bpos:98.0,Bstd:130.1,StrandBias:0.1,Multiplicity:1.09
0.599	0.008	0.363	0.030
0.211	0.721	0.015	0.053
0.538	0.060	0.015	0.387
0.038	0.733	0.053	0.176
0.455	0.327	0.008	0.211
0.304	0.530	0.136	0.030
0.894	0.053	0.030	0.023
0.055	0.869	0.053	0.023
0.539	0.023	0.220	0.218
0.023	0.143	0.045	0.789
0.432	0.015	0.538	0.015
0.008	0.458	0.226	0.309
>MATGTVCABACA	6-MATGTVCABACA	6.880975	-425.222369	0	T:1111.0(57.80%),B:4749.2(26.33%),P:1e-184	Tpos:97.2,Tstd:57.5,Bpos:102.9,Bstd:141.6,StrandBias:0.2,Multiplicity:1.96
0.253	0.401	0.146	0.201
0.565	0.049	0.368	0.018
0.048	0.040	0.153	0.759
0.099	0.049	0.830	0.022
0.076	0.074	0.078	0.772
0.344	0.259	0.389	0.008
0.011	0.587	0.020	0.382
0.669	0.020	0.277	0.034
0.008	0.390	0.269	0.333
0.554	0.030	0.382	0.034
0.043	0.566	0.034	0.357
0.643	0.305	0.044	0.008
>BRCATATGCRYV	7-BRCATATGCRYV	5.293443	-404.807859	0	T:1186.0(61.71%),B:5474.9(30.36%),P:1e-175	Tpos:99.8,Tstd:55.1,Bpos:97.9,Bstd:151.9,StrandBias:-0.0,Multiplicity:2.42
0.174	0.355	0.214	0.258
0.372	0.133	0.305	0.191
0.083	0.636	0.131	0.150
0.528	0.083	0.290	0.099
0.058	0.230	0.058	0.654
0.578	0.139	0.208	0.075
0.091	0.282	0.075	0.552
0.181	0.114	0.581	0.124
0.083	0.653	0.083	0.181
0.432	0.100	0.321	0.147
0.108	0.356	0.174	0.363
0.305	0.216	0.338	0.141
>GATGGATGGATG	8-GATGGATGGATG	6.009836	-403.338144	0	T:1062.0(55.25%),B:4499.1(24.95%),P:1e-175	Tpos:101.1,Tstd:54.1,Bpos:100.0,Bstd:134.4,StrandBias:0.2,Multiplicity:2.26
0.120	0.081	0.705	0.094
0.688	0.016	0.258	0.038
0.103	0.043	0.034	0.820
0.129	0.006	0.789	0.076
0.106	0.104	0.669	0.121
0.707	0.022	0.226	0.045
0.037	0.043	0.034	0.886
0.112	0.006	0.859	0.023
0.145	0.160	0.621	0.074
0.620	0.030	0.245	0.105
0.030	0.040	0.112	0.818
0.133	0.008	0.821	0.038
>ACACACCACACA	9-ACACACCACACA	9.721445	-343.513023	0	T:396.0(20.60%),B:765.7(4.25%),P:1e-149	Tpos:98.1,Tstd:53.1,Bpos:104.3,Bstd:165.3,StrandBias:-0.2,Multiplicity:4.50
0.937	0.001	0.016	0.046
0.001	0.884	0.001	0.114
0.936	0.017	0.013	0.034
0.001	0.900	0.001	0.098
0.688	0.183	0.001	0.128
0.306	0.496	0.087	0.111
0.201	0.675	0.001	0.123
0.729	0.151	0.057	0.063
0.029	0.704	0.001	0.266
0.901	0.001	0.097	0.001
0.001	0.845	0.042	0.112
0.857	0.083	0.036	0.024
>TATACACGTGTA	10-TATACACGTGTA	11.130372	-242.447469	0	T:160.0(8.32%),B:141.1(0.78%),P:1e-105	Tpos:101.5,Tstd:50.0,Bpos:115.6,Bstd:17.1,StrandBias:0.0,Multiplicity:1.23
0.038	0.076	0.038	0.848
0.735	0.113	0.039	0.113
0.038	0.075	0.001	0.886
0.848	0.038	0.113	0.001
0.038	0.923	0.001	0.038
0.961	0.037	0.001	0.001
0.080	0.767	0.077	0.076
0.113	0.113	0.734	0.040
0.001	0.001	0.075	0.923
0.079	0.001	0.882	0.038
0.001	0.113	0.001	0.885
0.621	0.039	0.151	0.189
>GTACHGCACACA	11-GTACHGCACACA	10.774185	-185.020626	0	T:114.0(5.93%),B:89.9(0.50%),P:1e-80	Tpos:93.6,Tstd:52.0,Bpos:83.5,Bstd:25.6,StrandBias:1.0,Multiplicity:1.66
0.314	0.070	0.615	0.001
0.001	0.115	0.002	0.882
0.874	0.001	0.124	0.001
0.001	0.736	0.112	0.151
0.267	0.377	0.075	0.280
0.265	0.075	0.547	0.113
0.269	0.692	0.038	0.001
0.923	0.039	0.001	0.037
0.001	0.997	0.001	0.001
0.997	0.001	0.001	0.001
0.001	0.997	0.001	0.001
0.848	0.076	0.038	0.038
>TACWGTAYATAA	12-TACWGTAYATAA	15.192570	-176.749409	0	T:36.0(1.87%),B:1.1(0.01%),P:1e-76	Tpos:99.4,Tstd:54.3,Bpos:77.2,Bstd:25.8,StrandBias:0.1,Multiplicity:3.83
0.001	0.001	0.001	0.997
0.997	0.001	0.001	0.001
0.001	0.996	0.002	0.001
0.512	0.003	0.001	0.484
0.001	0.001	0.997	0.001
0.001	0.001	0.001	0.997
0.997	0.001	0.001	0.001
0.001	0.506	0.001	0.492
0.997	0.001	0.001	0.001
0.001	0.002	0.001	0.996
0.997	0.001	0.001	0.001
0.993	0.003	0.001	0.003
>TATCAAAGTACA	13-TATCAAAGTACA	13.117217	-153.561863	0	T:32.0(1.66%),B:1.3(0.01%),P:1e-66	Tpos:104.2,Tstd:51.4,Bpos:121.3,Bstd:25.9,StrandBias:0.9,Multiplicity:2.38
0.001	0.001	0.001	0.997
0.997	0.001	0.001	0.001
0.001	0.161	0.001	0.837
0.108	0.837	0.054	0.001
0.945	0.001	0.053	0.001
0.945	0.053	0.001	0.001
0.997	0.001	0.001	0.001
0.054	0.257	0.565	0.124
0.053	0.001	0.001	0.945
0.891	0.001	0.054	0.054
0.001	0.945	0.001	0.053
0.553	0.229	0.109	0.109
>TTTTATGTACAG	14-TTTTATGTACAG	13.748205	-153.561863	0	T:32.0(1.66%),B:1.7(0.01%),P:1e-66	Tpos:102.3,Tstd:55.0,Bpos:95.5,Bstd:18.0,StrandBias:0.1,Multiplicity:1.17
0.001	0.001	0.001	0.997
0.001	0.001	0.001	0.997
0.023	0.001	0.001	0.975
0.001	0.001	0.001	0.997
0.975	0.023	0.001	0.001
0.001	0.001	0.053	0.945
0.053	0.001	0.945	0.001
0.024	0.024	0.024	0.928
0.863	0.024	0.089	0.024
0.001	0.997	0.001	0.001
0.975	0.001	0.023	0.001
0.024	0.127	0.825	0.024
>ATCATCATCATC	15-ATCATCATCATC	12.549147	-103.066420	0	T:68.0(3.54%),B:60.2(0.33%),P:1e-44	Tpos:103.2,Tstd:53.7,Bpos:122.1,Bstd:106.1,StrandBias:0.1,Multiplicity:4.28
0.934	0.001	0.064	0.001
0.001	0.278	0.001	0.720
0.001	0.658	0.001	0.340
0.997	0.001	0.001	0.001
0.001	0.183	0.001	0.815
0.001	0.740	0.001	0.258
0.997	0.001	0.001	0.001
0.001	0.329	0.001	0.669
0.001	0.782	0.001	0.216
0.997	0.001	0.001	0.001
0.001	0.196	0.001	0.802
0.001	0.883	0.001	0.115
>CCATCACCATCA	16-CCATCACCATCA	9.655216	-84.290846	0	T:116.0(6.04%),B:256.2(1.42%),P:1e-36	Tpos:98.4,Tstd:55.3,Bpos:116.6,Bstd:110.1,StrandBias:-0.2,Multiplicity:2.27
0.001	0.663	0.034	0.302
0.022	0.822	0.001	0.155
0.988	0.010	0.001	0.001
0.060	0.037	0.043	0.860
0.001	0.826	0.065	0.108
0.932	0.011	0.023	0.034
0.048	0.689	0.068	0.195
0.001	0.716	0.001	0.282
0.865	0.029	0.048	0.058
0.121	0.320	0.045	0.514
0.001	0.927	0.001	0.071
0.943	0.045	0.001	0.011
>YCACCAYCAYCA	17-YCACCAYCAYCA	10.794547	-62.290924	0	T:86.0(4.47%),B:191.3(1.06%),P:1e-27	Tpos:101.3,Tstd:55.6,Bpos:86.7,Bstd:157.9,StrandBias:-0.7,Multiplicity:3.35
0.096	0.429	0.070	0.405
0.001	0.616	0.082	0.301
0.997	0.001	0.001	0.001
0.123	0.537	0.086	0.254
0.001	0.726	0.001	0.272
0.997	0.001	0.001	0.001
0.101	0.454	0.055	0.390
0.001	0.654	0.001	0.344
0.952	0.001	0.001	0.046
0.135	0.408	0.139	0.318
0.001	0.648	0.007	0.344
0.997	0.001	0.001	0.001
>ACCTACACCTAC	18-ACCTACACCTAC	12.006090	-37.612588	0	T:10.0(0.52%),B:1.5(0.01%),P:1e-16	Tpos:100.4,Tstd:51.4,Bpos:122.8,Bstd:15.4,StrandBias:0.5,Multiplicity:4.50
0.923	0.038	0.038	0.001
0.001	0.735	0.001	0.263
0.038	0.884	0.001	0.077
0.039	0.117	0.019	0.825
0.808	0.001	0.152	0.039
0.019	0.820	0.019	0.142
0.923	0.019	0.039	0.019
0.001	0.688	0.038	0.273
0.083	0.915	0.001	0.001
0.019	0.063	0.001	0.917
0.771	0.019	0.152	0.058
0.019	0.799	0.001	0.181
>GTGTAGTGTAGT	19-GTGTAGTGTAGT	11.140438	-32.015506	0	T:19.0(0.99%),B:15.7(0.09%),P:1e-13	Tpos:111.8,Tstd:50.6,Bpos:120.5,Bstd:82.4,StrandBias:1.4,Multiplicity:1.70
0.036	0.036	0.892	0.036
0.073	0.036	0.001	0.890
0.109	0.113	0.777	0.001
0.073	0.109	0.001	0.817
0.853	0.037	0.109	0.001
0.001	0.036	0.962	0.001
0.035	0.001	0.001	0.963
0.001	0.113	0.813	0.073
0.001	0.001	0.001	0.997
0.562	0.001	0.109	0.328
0.001	0.036	0.927	0.036
0.073	0.036	0.328	0.563
>CRKKCTTACACA	20-CRKKCTTACACA	12.614022	-21.902872	0	T:10.0(0.52%),B:5.5(0.03%),P:1e-9	Tpos:88.1,Tstd:51.4,Bpos:78.7,Bstd:10.8,StrandBias:4.9,Multiplicity:4.43
0.001	0.907	0.005	0.087
0.490	0.001	0.340	0.169
0.169	0.001	0.353	0.477
0.001	0.164	0.471	0.364
0.001	0.997	0.001	0.001
0.092	0.001	0.001	0.906
0.001	0.169	0.001	0.829
0.835	0.001	0.082	0.082
0.001	0.917	0.001	0.081
0.917	0.001	0.081	0.001
0.001	0.997	0.001	0.001
0.993	0.001	0.005	0.001
>CTCCCGATTCCA	21-CTCCCGATTCCA	13.786593	-20.111072	0	T:6.0(0.31%),B:0.7(0.00%),P:1e-8	Tpos:101.7,Tstd:63.6,Bpos:84.6,Bstd:16.6,StrandBias:-2.0,Multiplicity:1.67
0.001	0.997	0.001	0.001
0.290	0.001	0.001	0.708
0.001	0.997	0.001	0.001
0.001	0.997	0.001	0.001
0.001	0.708	0.001	0.290
0.012	0.001	0.986	0.001
0.708	0.001	0.001	0.290
0.001	0.001	0.001	0.997
0.001	0.001	0.001	0.997
0.001	0.708	0.001	0.290
0.001	0.581	0.417	0.001
0.997	0.001	0.001	0.001
>AACGATCCTTTA	22-AACGATCCTTTA	9.479772	-18.961434	0	T:9.0(0.47%),B:5.2(0.03%),P:1e-8	Tpos:108.5,Tstd:58.7,Bpos:98.4,Bstd:24.0,StrandBias:-0.8,Multiplicity:1.22
0.997	0.001	0.001	0.001
0.997	0.001	0.001	0.001
0.001	0.960	0.038	0.001
0.001	0.001	0.997	0.001
0.976	0.001	0.022	0.001
0.001	0.001	0.001	0.997
0.001	0.997	0.001	0.001
0.001	0.924	0.074	0.001
0.001	0.001	0.001	0.997
0.042	0.001	0.001	0.956
0.001	0.038	0.001	0.960
0.997	0.001	0.001	0.001
>TAGGGTTACGGT	23-TAGGGTTACGGT	10.782841	-16.124743	0	T:8.0(0.42%),B:5.5(0.03%),P:1e-7	Tpos:105.6,Tstd:52.8,Bpos:106.8,Bstd:27.9,StrandBias:-2.1,Multiplicity:4.57
0.001	0.001	0.001	0.997
0.997	0.001	0.001	0.001
0.001	0.001	0.997	0.001
0.001	0.001	0.708	0.290
0.001	0.290	0.708	0.001
0.290	0.001	0.001	0.708
0.001	0.001	0.001	0.997
0.997	0.001	0.001	0.001
0.001	0.584	0.414	0.001
0.290	0.001	0.708	0.001
0.001	0.001	0.708	0.290
0.001	0.001	0.001	0.997
>CCGTATATATAC	24-CCGTATATATAC	14.715459	-14.050671	0	T:9.0(0.47%),B:9.8(0.05%),P:1e-6	Tpos:124.4,Tstd:47.4,Bpos:152.5,Bstd:4.7,StrandBias:-0.1,Multiplicity:3.00
0.033	0.965	0.001	0.001
0.298	0.700	0.001	0.001
0.001	0.001	0.965	0.033
0.001	0.001	0.001	0.997
0.965	0.033	0.001	0.001
0.001	0.001	0.001	0.997
0.997	0.001	0.001	0.001
0.001	0.001	0.001	0.997
0.997	0.001	0.001	0.001
0.001	0.001	0.001	0.997
0.997	0.001	0.001	0.001
0.001	0.760	0.001	0.238
>GTAGTAGTAGTA	25-GTAGTAGTAGTA	10.091510	-7.106354	0	T:6.0(0.31%),B:10.8(0.06%),P:1e-3	Tpos:115.3,Tstd:52.3,Bpos:101.4,Bstd:17.6,StrandBias:-1.0,Multiplicity:3.40
0.132	0.071	0.737	0.060
0.088	0.076	0.128	0.708
0.617	0.039	0.242	0.102
0.160	0.035	0.721	0.084
0.097	0.084	0.121	0.698
0.574	0.055	0.249	0.122
0.133	0.073	0.691	0.103
0.104	0.078	0.137	0.681
0.577	0.055	0.215	0.153
0.159	0.069	0.681	0.091
0.094	0.090	0.140	0.676
0.643	0.053	0.190	0.114
>CACGTACA	1-CACGTACA	7.580349	-629.668024	0	T:947.0(49.27%),B:2695.1(14.94%),P:1e-273	Tpos:97.7,Tstd:55.4,Bpos:92.0,Bstd:146.1,StrandBias:-0.2,Multiplicity:1.68
0.001	0.996	0.002	0.001
0.997	0.001	0.001	0.001
0.001	0.923	0.001	0.075
0.137	0.187	0.675	0.001
0.001	0.200	0.001	0.798
0.835	0.001	0.163	0.001
0.001	0.897	0.004	0.098
0.995	0.001	0.003	0.001
>KATGTATG	2-KATGTATG	6.635109	-625.653850	0	T:1011.0(52.60%),B:3103.0(17.21%),P:1e-271	Tpos:98.2,Tstd:54.7,Bpos:101.6,Bstd:138.2,StrandBias:0.3,Multiplicity:2.99
0.028	0.217	0.422	0.333
0.596	0.004	0.351	0.049
0.040	0.050	0.074	0.836
0.132	0.033	0.756	0.079
0.063	0.204	0.269	0.464
0.554	0.004	0.275	0.167
0.035	0.073	0.145	0.747
0.173	0.007	0.819	0.001
>ACACATAC	3-ACACATAC	8.335414	-587.751329	0	T:1006.0(52.34%),B:3217.4(17.84%),P:1e-255	Tpos:98.9,Tstd:54.7,Bpos:97.6,Bstd:155.9,StrandBias:-0.1,Multiplicity:3.12
0.997	0.001	0.001	0.001
0.001	0.582	0.001	0.416
0.722	0.001	0.276	0.001
0.001	0.997	0.001	0.001
0.997	0.001	0.001	0.001
0.001	0.001	0.001	0.997
0.783	0.001	0.215	0.001
0.001	0.997	0.001	0.001
>TGTACAYA	4-TGTACAYA	7.241910	-520.363365	0	T:851.0(44.28%),B:2519.6(13.97%),P:1e-225	Tpos:99.4,Tstd:53.3,Bpos:99.8,Bstd:159.9,StrandBias:-0.1,Multiplicity:3.51
0.001	0.001	0.001	0.997
0.001	0.001	0.997	0.001
0.001	0.228	0.001	0.770
0.997	0.001	0.001	0.001
0.001	0.997	0.001	0.001
0.935	0.001	0.063	0.001
0.001	0.446	0.001	0.552
0.997	0.001	0.001	0.001
>GGTGTGTG	5-GGTGTGTG	7.640563	-453.822147	0	T:973.0(50.62%),B:3585.0(19.88%),P:1e-197	Tpos:103.1,Tstd:56.2,Bpos:98.5,Bstd:154.0,StrandBias:0.2,Multiplicity:1.63
0.071	0.236	0.691	0.002
0.367	0.001	0.536	0.096
0.098	0.001	0.175	0.726
0.025	0.001	0.973	0.001
0.060	0.001	0.002	0.937
0.061	0.001	0.937	0.001
0.001	0.048	0.142	0.809
0.002	0.043	0.954	0.001
>CHACACAC	6-CHACACAC	7.587014	-452.618263	0	T:927.0(48.23%),B:3279.0(18.18%),P:1e-196	Tpos:101.7,Tstd:55.4,Bpos:100.3,Bstd:159.5,StrandBias:-0.1,Multiplicity:2.88
0.267	0.631	0.101	0.001
0.279	0.314	0.076	0.330
0.681	0.247	0.051	0.021
0.001	0.900	0.016	0.083
0.881	0.031	0.046	0.042
0.001	0.909	0.002	0.088
0.856	0.040	0.070	0.034
0.030	0.813	0.020	0.137
>TACACACA	7-TACACACA	6.552370	-431.791078	0	T:1063.0(55.31%),B:4346.1(24.10%),P:1e-187	Tpos:103.3,Tstd:57.4,Bpos:98.0,Bstd:130.0,StrandBias:-0.1,Multiplicity:1.28
0.001	0.001	0.094	0.904
0.997	0.001	0.001	0.001
0.001	0.997	0.001	0.001
0.853	0.001	0.145	0.001
0.066	0.799	0.001	0.134
0.997	0.001	0.001	0.001
0.001	0.891	0.001	0.107
0.963	0.001	0.001	0.035
>CATATGCA	8-CATATGCA	6.214673	-396.735348	0	T:1202.0(62.54%),B:5659.8(31.38%),P:1e-172	Tpos:99.8,Tstd:56.3,Bpos:97.3,Bstd:142.3,StrandBias:-0.0,Multiplicity:1.94
0.006	0.854	0.024	0.116
0.861	0.037	0.101	0.001
0.025	0.302	0.018	0.655
0.879	0.007	0.091	0.023
0.012	0.248	0.079	0.661
0.275	0.009	0.685	0.031
0.006	0.842	0.001	0.151
0.563	0.033	0.403	0.001
>VCAYRCAY	9-VCAYRCAY	5.968988	-369.334373	0	T:1391.0(72.37%),B:7554.4(41.89%),P:1e-160	Tpos:102.4,Tstd:54.9,Bpos:96.7,Bstd:142.5,StrandBias:0.0,Multiplicity:1.38
0.230	0.361	0.318	0.091
0.001	0.648	0.036	0.315
0.845	0.001	0.153	0.001
0.001	0.444	0.001	0.554
0.308	0.253	0.426	0.013
0.001	0.836	0.010	0.153
0.914	0.001	0.084	0.001
0.121	0.328	0.081	0.470
>CGTGCATA	10-CGTGCATA	5.133163	-365.377244	0	T:1337.0(69.56%),B:7071.1(39.21%),P:1e-158	Tpos:99.9,Tstd:54.5,Bpos:97.9,Bstd:136.1,StrandBias:0.2,Multiplicity:1.22
0.113	0.596	0.075	0.216
0.213	0.055	0.731	0.001
0.025	0.354	0.045	0.576
0.236	0.077	0.613	0.074
0.001	0.698	0.077	0.224
0.862	0.027	0.070	0.041
0.040	0.177	0.028	0.755
0.537	0.162	0.212	0.089
>ATGCACAC	11-ATGCACAC	6.331519	-346.954957	0	T:922.0(47.97%),B:3791.0(21.02%),P:1e-150	Tpos:99.8,Tstd:56.2,Bpos:98.7,Bstd:138.1,StrandBias:-0.3,Multiplicity:1.63
0.951	0.034	0.001	0.014
0.001	0.245	0.169	0.585
0.001	0.027	0.913	0.059
0.001	0.997	0.001	0.001
0.922	0.001	0.026	0.051
0.013	0.985	0.001	0.001
0.845	0.051	0.019	0.085
0.022	0.873	0.033	0.072
>TATACACG	12-TATACACG	7.521469	-326.206351	0	T:740.0(38.50%),B:2667.7(14.79%),P:1e-141	Tpos:100.0,Tstd:54.4,Bpos:102.9,Bstd:143.5,StrandBias:-0.2,Multiplicity:5.42
0.001	0.076	0.001	0.922
0.646	0.001	0.352	0.001
0.001	0.236	0.001	0.762
0.950	0.001	0.048	0.001
0.001	0.623	0.001	0.375
0.713	0.001	0.285	0.001
0.001	0.675	0.001	0.323
0.294	0.001	0.704	0.001
>CATATATG	13-CATATATG	10.942625	-154.627901	0	T:207.0(10.77%),B:448.1(2.48%),P:1e-67	Tpos:97.2,Tstd:57.2,Bpos:89.8,Bstd:122.3,StrandBias:0.0,Multiplicity:1.61
0.001	0.997	0.001	0.001
0.997	0.001	0.001	0.001
0.001	0.001	0.001	0.997
0.997	0.001	0.001	0.001
0.001	0.001	0.001	0.997
0.997	0.001	0.001	0.001
0.001	0.001	0.117	0.881
0.001	0.001	0.997	0.001
>CCACTCAC	14-CCACTCAC	7.174743	-130.674987	0	T:335.0(17.43%),B:1203.8(6.68%),P:1e-56	Tpos:106.8,Tstd:57.9,Bpos:96.3,Bstd:109.7,StrandBias:0.1,Multiplicity:1.30
0.170	0.688	0.141	0.001
0.001	0.997	0.001	0.001
0.952	0.001	0.046	0.001
0.001	0.997	0.001	0.001
0.001	0.001	0.001	0.997
0.001	0.997	0.001	0.001
0.997	0.001	0.001	0.001
0.001	0.873	0.001	0.125
>AGWCACAC	15-AGWCACAC	6.445071	-106.532008	0	T:321.0(16.70%),B:1259.7(6.99%),P:1e-46	Tpos:101.3,Tstd:55.9,Bpos:94.7,Bstd:133.5,StrandBias:0.1,Multiplicity:1.62
0.583	0.415	0.001	0.001
0.001	0.001	0.997	0.001
0.519	0.001	0.001	0.479
0.001	0.582	0.001	0.416
0.997	0.001	0.001	0.001
0.001	0.936	0.001	0.062
0.997	0.001	0.001	0.001
0.001	0.962	0.001	0.036
>CACACTCA	16-CACACTCA	8.025722	-91.321717	0	T:282.0(14.67%),B:1115.0(6.18%),P:1e-39	Tpos:101.8,Tstd:57.6,Bpos:99.5,Bstd:113.3,StrandBias:-0.1,Multiplicity:1.42
0.001	0.997	0.001	0.001
0.997	0.001	0.001	0.001
0.001	0.997	0.001	0.001
0.767	0.177	0.055	0.001
0.001	0.997	0.001	0.001
0.001	0.001	0.001	0.997
0.001	0.997	0.001	0.001
0.864	0.134	0.001	0.001
>AYAYCAMA	17-AYAYCAMA	7.085123	-84.684146	0	T:309.0(16.08%),B:1331.2(7.38%),P:1e-36	Tpos:103.6,Tstd:57.2,Bpos:100.4,Bstd:122.7,StrandBias:0.0,Multiplicity:1.87
0.723	0.140	0.136	0.001
0.001	0.483	0.001	0.515
0.933	0.008	0.012	0.047
0.020	0.535	0.008	0.437
0.168	0.767	0.064	0.001
0.541	0.230	0.225	0.004
0.482	0.415	0.025	0.078
0.607	0.184	0.082	0.127
>ATGSATGG	18-ATGSATGG	7.345652	-78.928490	0	T:226.0(11.76%),B:853.7(4.73%),P:1e-34	Tpos:100.4,Tstd:54.4,Bpos:101.4,Bstd:133.7,StrandBias:0.1,Multiplicity:2.19
0.581	0.001	0.417	0.001
0.001	0.068	0.096	0.835
0.228	0.016	0.755	0.001
0.001	0.431	0.443	0.124
0.619	0.001	0.379	0.001
0.001	0.281	0.001	0.717
0.236	0.001	0.762	0.001
0.216	0.166	0.617	0.001
>GTAGATGG	19-GTAGATGG	8.776688	-53.547333	0	T:95.0(4.94%),B:261.0(1.45%),P:1e-23	Tpos:87.4,Tstd:51.8,Bpos:96.3,Bstd:95.1,StrandBias:-0.7,Multiplicity:1.41
0.001	0.001	0.997	0.001
0.001	0.001	0.001	0.997
0.997	0.001	0.001	0.001
0.001	0.001	0.897	0.101
0.997	0.001	0.001	0.001
0.001	0.001	0.001	0.997
0.001	0.001	0.997	0.001
0.001	0.001	0.997	0.001
>YCACCATC	20-YCACCATC	8.678011	-51.552738	0	T:130.0(6.76%),B:454.2(2.52%),P:1e-22	Tpos:90.9,Tstd:57.3,Bpos:95.9,Bstd:104.0,StrandBias:-0.0,Multiplicity:1.33
0.001	0.543	0.001	0.455
0.040	0.720	0.001	0.239
0.911	0.001	0.087	0.001
0.001	0.932	0.001	0.066
0.001	0.648	0.001	0.350
0.584	0.001	0.248	0.167
0.001	0.139	0.001	0.859
0.001	0.991	0.001	0.007
>CATCATCA	21-CATCATCA	10.243768	-48.399824	0	T:86.0(4.47%),B:237.2(1.32%),P:1e-21	Tpos:102.8,Tstd:56.6,Bpos:116.7,Bstd:97.7,StrandBias:0.2,Multiplicity:4.01
0.001	0.997	0.001	0.001
0.993	0.001	0.005	0.001
0.001	0.300	0.001	0.698
0.001	0.997	0.001	0.001
0.990	0.001	0.008	0.001
0.001	0.329	0.001	0.669
0.001	0.976	0.001	0.022
0.963	0.030	0.006	0.001
>ACCAYCAY	22-ACCAYCAY	8.371049	-26.291996	0	T:116.0(6.04%),B:541.1(3.00%),P:1e-11	Tpos:99.4,Tstd:55.9,Bpos:122.8,Bstd:106.9,StrandBias:0.0,Multiplicity:1.23
0.969	0.001	0.001	0.029
0.001	0.733	0.001	0.265
0.001	0.630	0.035	0.334
0.854	0.088	0.057	0.001
0.001	0.565	0.001	0.433
0.001	0.643	0.001	0.355
0.901	0.001	0.097	0.001
0.001	0.471	0.001	0.527
>ACCAHCAC	23-ACCAHCAC	7.029398	-14.837112	0	T:124.0(6.45%),B:726.6(4.03%),P:1e-6	Tpos:94.0,Tstd:53.5,Bpos:106.2,Bstd:141.0,StrandBias:-0.3,Multiplicity:2.37
0.835	0.093	0.035	0.037
0.148	0.586	0.012	0.254
0.180	0.470	0.101	0.249
0.565	0.300	0.083	0.052
0.269	0.353	0.031	0.347
0.028	0.806	0.014	0.152
0.801	0.117	0.051	0.031
0.139	0.592	0.015	0.254
>CACCACCA	24-CACCACCA	9.917742	-9.575309	0	T:102.0(5.31%),B:643.6(3.57%),P:1e-4	Tpos:103.6,Tstd:57.2,Bpos:95.7,Bstd:139.6,StrandBias:-0.9,Multiplicity:3.10
0.001	0.949	0.001	0.049
0.997	0.001	0.001	0.001
0.001	0.622	0.001	0.376
0.001	0.883	0.001	0.115
0.997	0.001	0.001	0.001
0.001	0.716	0.001	0.282
0.001	0.837	0.001	0.161
0.997	0.001	0.001	0.001
>CAYCACYA	25-CAYCACYA	8.242878	-7.842291	0	T:167.0(8.69%),B:1204.1(6.68%),P:1e-3	Tpos:102.8,Tstd:58.0,Bpos:104.0,Bstd:113.8,StrandBias:-0.1,Multiplicity:1.62
0.001	0.611	0.001	0.387
0.997	0.001	0.001	0.001
0.157	0.475	0.001	0.367
0.001	0.614	0.001	0.384
0.997	0.001	0.001	0.001
0.001	0.997	0.001	0.001
0.001	0.520	0.001	0.478
0.997	0.001	0.001	0.001
