>CAYATACATGYA	1-CAYATACATGYA	5.882177	-655.632291	0	T:928.0(48.28%),B:2497.1(13.85%),P:1e-284	Tpos:99.6,Tstd:53.1,Bpos:96.9,Bstd:150.3,StrandBias:-0.1,Multiplicity:3.78
0.001	0.997	0.001	0.001
0.795	0.003	0.198	0.004
0.001	0.468	0.001	0.530
0.965	0.001	0.033	0.001
0.001	0.001	0.001	0.997
0.997	0.001	0.001	0.001
0.001	0.997	0.001	0.001
0.789	0.001	0.209	0.001
0.001	0.132	0.001	0.866
0.162	0.001	0.836	0.001
0.002	0.478	0.016	0.504
0.780	0.030	0.184	0.006
>TATACACAYGTG	2-TATACACAYGTG	11.498978	-576.944852	0	T:481.0(25.03%),B:645.9(3.58%),P:1e-250	Tpos:101.6,Tstd:52.5,Bpos:102.1,Bstd:143.0,StrandBias:0.0,Multiplicity:3.14
0.013	0.231	0.012	0.744
0.781	0.010	0.200	0.009
0.007	0.272	0.009	0.712
0.871	0.008	0.113	0.008
0.004	0.707	0.009	0.280
0.920	0.007	0.066	0.007
0.004	0.761	0.007	0.228
0.857	0.008	0.132	0.003
0.005	0.542	0.018	0.435
0.401	0.025	0.563	0.011
0.012	0.123	0.025	0.840
0.244	0.024	0.703	0.029
>TGYATGTGTGTG	3-TGYATGTGTGTG	8.620433	-558.882247	0	T:1058.0(55.05%),B:3685.5(20.44%),P:1e-242	Tpos:96.2,Tstd:55.7,Bpos:102.9,Bstd:141.0,StrandBias:0.2,Multiplicity:1.53
0.130	0.004	0.156	0.710
0.281	0.142	0.477	0.100
0.042	0.485	0.001	0.472
0.581	0.377	0.001	0.041
0.016	0.299	0.001	0.684
0.274	0.128	0.597	0.001
0.051	0.001	0.001	0.947
0.001	0.108	0.890	0.001
0.090	0.001	0.001	0.908
0.172	0.116	0.699	0.013
0.092	0.007	0.088	0.813
0.199	0.225	0.469	0.106
>TGTGGATGGATG	4-TGTGGATGGATG	6.932186	-509.895689	0	T:971.0(50.52%),B:3314.0(18.38%),P:1e-221	Tpos:109.4,Tstd:57.2,Bpos:95.9,Bstd:115.1,StrandBias:-0.1,Multiplicity:1.27
0.214	0.111	0.228	0.447
0.108	0.087	0.716	0.089
0.128	0.048	0.138	0.686
0.124	0.045	0.736	0.095
0.103	0.125	0.525	0.247
0.563	0.108	0.229	0.100
0.128	0.064	0.172	0.636
0.114	0.056	0.747	0.083
0.120	0.136	0.531	0.213
0.551	0.110	0.228	0.111
0.125	0.076	0.199	0.600
0.212	0.142	0.479	0.167
>ACACMCACATRY	5-ACACMCACATRY	9.391084	-465.470403	0	T:666.0(34.65%),B:1685.5(9.35%),P:1e-202	Tpos:113.8,Tstd:48.0,Bpos:98.0,Bstd:130.1,StrandBias:0.1,Multiplicity:1.09
0.599	0.008	0.363	0.030
0.211	0.721	0.015	0.053
0.538	0.060	0.015	0.387
0.038	0.733	0.053	0.176
0.455	0.327	0.008	0.211
0.304	0.530	0.136	0.030
0.894	0.053	0.030	0.023
0.055	0.869	0.053	0.023
0.539	0.023	0.220	0.218
0.023	0.143	0.045	0.789
0.432	0.015	0.538	0.015
0.008	0.458	0.226	0.309
>MATGTVCABACA	6-MATGTVCABACA	6.880975	-425.222369	0	T:1111.0(57.80%),B:4749.2(26.33%),P:1e-184	Tpos:97.2,Tstd:57.5,Bpos:102.9,Bstd:141.6,StrandBias:0.2,Multiplicity:1.96
0.253	0.401	0.146	0.201
0.565	0.049	0.368	0.018
0.048	0.040	0.153	0.759
0.099	0.049	0.830	0.022
0.076	0.074	0.078	0.772
0.344	0.259	0.389	0.008
0.011	0.587	0.020	0.382
0.669	0.020	0.277	0.034
0.008	0.390	0.269	0.333
0.554	0.030	0.382	0.034
0.043	0.566	0.034	0.357
0.643	0.305	0.044	0.008
>BRCATATGCRYV	7-BRCATATGCRYV	5.293443	-404.807859	0	T:1186.0(61.71%),B:5474.9(30.36%),P:1e-175	Tpos:99.8,Tstd:55.1,Bpos:97.9,Bstd:151.9,StrandBias:-0.0,Multiplicity:2.42
0.174	0.355	0.214	0.258
0.372	0.133	0.305	0.191
0.083	0.636	0.131	0.150
0.528	0.083	0.290	0.099
0.058	0.230	0.058	0.654
0.578	0.139	0.208	0.075
0.091	0.282	0.075	0.552
0.181	0.114	0.581	0.124
0.083	0.653	0.083	0.181
0.432	0.100	0.321	0.147
0.108	0.356	0.174	0.363
0.305	0.216	0.338	0.141
>GATGGATGGATG	8-GATGGATGGATG	6.009836	-403.338144	0	T:1062.0(55.25%),B:4499.1(24.95%),P:1e-175	Tpos:101.1,Tstd:54.1,Bpos:100.0,Bstd:134.4,StrandBias:0.2,Multiplicity:2.26
0.120	0.081	0.705	0.094
0.688	0.016	0.258	0.038
0.103	0.043	0.034	0.820
0.129	0.006	0.789	0.076
0.106	0.104	0.669	0.121
0.707	0.022	0.226	0.045
0.037	0.043	0.034	0.886
0.112	0.006	0.859	0.023
0.145	0.160	0.621	0.074
0.620	0.030	0.245	0.105
0.030	0.040	0.112	0.818
0.133	0.008	0.821	0.038
>ACACACCACACA	9-ACACACCACACA	9.721445	-343.513023	0	T:396.0(20.60%),B:765.7(4.25%),P:1e-149	Tpos:98.1,Tstd:53.1,Bpos:104.3,Bstd:165.3,StrandBias:-0.2,Multiplicity:4.50
0.937	0.001	0.016	0.046
0.001	0.884	0.001	0.114
0.936	0.017	0.013	0.034
0.001	0.900	0.001	0.098
0.688	0.183	0.001	0.128
0.306	0.496	0.087	0.111
0.201	0.675	0.001	0.123
0.729	0.151	0.057	0.063
0.029	0.704	0.001	0.266
0.901	0.001	0.097	0.001
0.001	0.845	0.042	0.112
0.857	0.083	0.036	0.024
>TATACACGTGTA	10-TATACACGTGTA	11.130372	-242.447469	0	T:160.0(8.32%),B:141.1(0.78%),P:1e-105	Tpos:101.5,Tstd:50.0,Bpos:115.6,Bstd:17.1,StrandBias:0.0,Multiplicity:1.23
0.038	0.076	0.038	0.848
0.735	0.113	0.039	0.113
0.038	0.075	0.001	0.886
0.848	0.038	0.113	0.001
0.038	0.923	0.001	0.038
0.961	0.037	0.001	0.001
0.080	0.767	0.077	0.076
0.113	0.113	0.734	0.040
0.001	0.001	0.075	0.923
0.079	0.001	0.882	0.038
0.001	0.113	0.001	0.885
0.621	0.039	0.151	0.189
>GTACHGCACACA	11-GTACHGCACACA	10.774185	-185.020626	0	T:114.0(5.93%),B:89.9(0.50%),P:1e-80	Tpos:93.6,Tstd:52.0,Bpos:83.5,Bstd:25.6,StrandBias:1.0,Multiplicity:1.66
0.314	0.070	0.615	0.001
0.001	0.115	0.002	0.882
0.874	0.001	0.124	0.001
0.001	0.736	0.112	0.151
0.267	0.377	0.075	0.280
0.265	0.075	0.547	0.113
0.269	0.692	0.038	0.001
0.923	0.039	0.001	0.037
0.001	0.997	0.001	0.001
0.997	0.001	0.001	0.001
0.001	0.997	0.001	0.001
0.848	0.076	0.038	0.038
>TACWGTAYATAA	12-TACWGTAYATAA	15.192570	-176.749409	0	T:36.0(1.87%),B:1.1(0.01%),P:1e-76	Tpos:99.4,Tstd:54.3,Bpos:77.2,Bstd:25.8,StrandBias:0.1,Multiplicity:3.83
0.001	0.001	0.001	0.997
0.997	0.001	0.001	0.001
0.001	0.996	0.002	0.001
0.512	0.003	0.001	0.484
0.001	0.001	0.997	0.001
0.001	0.001	0.001	0.997
0.997	0.001	0.001	0.001
0.001	0.506	0.001	0.492
0.997	0.001	0.001	0.001
0.001	0.002	0.001	0.996
0.997	0.001	0.001	0.001
0.993	0.003	0.001	0.003
>TATCAAAGTACA	13-TATCAAAGTACA	13.117217	-153.561863	0	T:32.0(1.66%),B:1.3(0.01%),P:1e-66	Tpos:104.2,Tstd:51.4,Bpos:121.3,Bstd:25.9,StrandBias:0.9,Multiplicity:2.38
0.001	0.001	0.001	0.997
0.997	0.001	0.001	0.001
0.001	0.161	0.001	0.837
0.108	0.837	0.054	0.001
0.945	0.001	0.053	0.001
0.945	0.053	0.001	0.001
0.997	0.001	0.001	0.001
0.054	0.257	0.565	0.124
0.053	0.001	0.001	0.945
0.891	0.001	0.054	0.054
0.001	0.945	0.001	0.053
0.553	0.229	0.109	0.109
>TTTTATGTACAG	14-TTTTATGTACAG	13.748205	-153.561863	0	T:32.0(1.66%),B:1.7(0.01%),P:1e-66	Tpos:102.3,Tstd:55.0,Bpos:95.5,Bstd:18.0,StrandBias:0.1,Multiplicity:1.17
0.001	0.001	0.001	0.997
0.001	0.001	0.001	0.997
0.023	0.001	0.001	0.975
0.001	0.001	0.001	0.997
0.975	0.023	0.001	0.001
0.001	0.001	0.053	0.945
0.053	0.001	0.945	0.001
0.024	0.024	0.024	0.928
0.863	0.024	0.089	0.024
0.001	0.997	0.001	0.001
0.975	0.001	0.023	0.001
0.024	0.127	0.825	0.024
>ATCATCATCATC	15-ATCATCATCATC	12.549147	-103.066420	0	T:68.0(3.54%),B:60.2(0.33%),P:1e-44	Tpos:103.2,Tstd:53.7,Bpos:122.1,Bstd:106.1,StrandBias:0.1,Multiplicity:4.28
0.934	0.001	0.064	0.001
0.001	0.278	0.001	0.720
0.001	0.658	0.001	0.340
0.997	0.001	0.001	0.001
0.001	0.183	0.001	0.815
0.001	0.740	0.001	0.258
0.997	0.001	0.001	0.001
0.001	0.329	0.001	0.669
0.001	0.782	0.001	0.216
0.997	0.001	0.001	0.001
0.001	0.196	0.001	0.802
0.001	0.883	0.001	0.115
>CCATCACCATCA	16-CCATCACCATCA	9.655216	-84.290846	0	T:116.0(6.04%),B:256.2(1.42%),P:1e-36	Tpos:98.4,Tstd:55.3,Bpos:116.6,Bstd:110.1,StrandBias:-0.2,Multiplicity:2.27
0.001	0.663	0.034	0.302
0.022	0.822	0.001	0.155
0.988	0.010	0.001	0.001
0.060	0.037	0.043	0.860
0.001	0.826	0.065	0.108
0.932	0.011	0.023	0.034
0.048	0.689	0.068	0.195
0.001	0.716	0.001	0.282
0.865	0.029	0.048	0.058
0.121	0.320	0.045	0.514
0.001	0.927	0.001	0.071
0.943	0.045	0.001	0.011
>YCACCAYCAYCA	17-YCACCAYCAYCA	10.794547	-62.290924	0	T:86.0(4.47%),B:191.3(1.06%),P:1e-27	Tpos:101.3,Tstd:55.6,Bpos:86.7,Bstd:157.9,StrandBias:-0.7,Multiplicity:3.35
0.096	0.429	0.070	0.405
0.001	0.616	0.082	0.301
0.997	0.001	0.001	0.001
0.123	0.537	0.086	0.254
0.001	0.726	0.001	0.272
0.997	0.001	0.001	0.001
0.101	0.454	0.055	0.390
0.001	0.654	0.001	0.344
0.952	0.001	0.001	0.046
0.135	0.408	0.139	0.318
0.001	0.648	0.007	0.344
0.997	0.001	0.001	0.001
>ACCTACACCTAC	18-ACCTACACCTAC	12.006090	-37.612588	0	T:10.0(0.52%),B:1.5(0.01%),P:1e-16	Tpos:100.4,Tstd:51.4,Bpos:122.8,Bstd:15.4,StrandBias:0.5,Multiplicity:4.50
0.923	0.038	0.038	0.001
0.001	0.735	0.001	0.263
0.038	0.884	0.001	0.077
0.039	0.117	0.019	0.825
0.808	0.001	0.152	0.039
0.019	0.820	0.019	0.142
0.923	0.019	0.039	0.019
0.001	0.688	0.038	0.273
0.083	0.915	0.001	0.001
0.019	0.063	0.001	0.917
0.771	0.019	0.152	0.058
0.019	0.799	0.001	0.181
>GTGTAGTGTAGT	19-GTGTAGTGTAGT	11.140438	-32.015506	0	T:19.0(0.99%),B:15.7(0.09%),P:1e-13	Tpos:111.8,Tstd:50.6,Bpos:120.5,Bstd:82.4,StrandBias:1.4,Multiplicity:1.70
0.036	0.036	0.892	0.036
0.073	0.036	0.001	0.890
0.109	0.113	0.777	0.001
0.073	0.109	0.001	0.817
0.853	0.037	0.109	0.001
0.001	0.036	0.962	0.001
0.035	0.001	0.001	0.963
0.001	0.113	0.813	0.073
0.001	0.001	0.001	0.997
0.562	0.001	0.109	0.328
0.001	0.036	0.927	0.036
0.073	0.036	0.328	0.563
>CRKKCTTACACA	20-CRKKCTTACACA	12.614022	-21.902872	0	T:10.0(0.52%),B:5.5(0.03%),P:1e-9	Tpos:88.1,Tstd:51.4,Bpos:78.7,Bstd:10.8,StrandBias:4.9,Multiplicity:4.43
0.001	0.907	0.005	0.087
0.490	0.001	0.340	0.169
0.169	0.001	0.353	0.477
0.001	0.164	0.471	0.364
0.001	0.997	0.001	0.001
0.092	0.001	0.001	0.906
0.001	0.169	0.001	0.829
0.835	0.001	0.082	0.082
0.001	0.917	0.001	0.081
0.917	0.001	0.081	0.001
0.001	0.997	0.001	0.001
0.993	0.001	0.005	0.001
>CTCCCGATTCCA	21-CTCCCGATTCCA	13.786593	-20.111072	0	T:6.0(0.31%),B:0.7(0.00%),P:1e-8	Tpos:101.7,Tstd:63.6,Bpos:84.6,Bstd:16.6,StrandBias:-2.0,Multiplicity:1.67
0.001	0.997	0.001	0.001
0.290	0.001	0.001	0.708
0.001	0.997	0.001	0.001
0.001	0.997	0.001	0.001
0.001	0.708	0.001	0.290
0.012	0.001	0.986	0.001
0.708	0.001	0.001	0.290
0.001	0.001	0.001	0.997
0.001	0.001	0.001	0.997
0.001	0.708	0.001	0.290
0.001	0.581	0.417	0.001
0.997	0.001	0.001	0.001
>AACGATCCTTTA	22-AACGATCCTTTA	9.479772	-18.961434	0	T:9.0(0.47%),B:5.2(0.03%),P:1e-8	Tpos:108.5,Tstd:58.7,Bpos:98.4,Bstd:24.0,StrandBias:-0.8,Multiplicity:1.22
0.997	0.001	0.001	0.001
0.997	0.001	0.001	0.001
0.001	0.960	0.038	0.001
0.001	0.001	0.997	0.001
0.976	0.001	0.022	0.001
0.001	0.001	0.001	0.997
0.001	0.997	0.001	0.001
0.001	0.924	0.074	0.001
0.001	0.001	0.001	0.997
0.042	0.001	0.001	0.956
0.001	0.038	0.001	0.960
0.997	0.001	0.001	0.001
>TAGGGTTACGGT	23-TAGGGTTACGGT	10.782841	-16.124743	0	T:8.0(0.42%),B:5.5(0.03%),P:1e-7	Tpos:105.6,Tstd:52.8,Bpos:106.8,Bstd:27.9,StrandBias:-2.1,Multiplicity:4.57
0.001	0.001	0.001	0.997
0.997	0.001	0.001	0.001
0.001	0.001	0.997	0.001
0.001	0.001	0.708	0.290
0.001	0.290	0.708	0.001
0.290	0.001	0.001	0.708
0.001	0.001	0.001	0.997
0.997	0.001	0.001	0.001
0.001	0.584	0.414	0.001
0.290	0.001	0.708	0.001
0.001	0.001	0.708	0.290
0.001	0.001	0.001	0.997
>CCGTATATATAC	24-CCGTATATATAC	14.715459	-14.050671	0	T:9.0(0.47%),B:9.8(0.05%),P:1e-6	Tpos:124.4,Tstd:47.4,Bpos:152.5,Bstd:4.7,StrandBias:-0.1,Multiplicity:3.00
0.033	0.965	0.001	0.001
0.298	0.700	0.001	0.001
0.001	0.001	0.965	0.033
0.001	0.001	0.001	0.997
0.965	0.033	0.001	0.001
0.001	0.001	0.001	0.997
0.997	0.001	0.001	0.001
0.001	0.001	0.001	0.997
0.997	0.001	0.001	0.001
0.001	0.001	0.001	0.997
0.997	0.001	0.001	0.001
0.001	0.760	0.001	0.238
>GTAGTAGTAGTA	25-GTAGTAGTAGTA	10.091510	-7.106354	0	T:6.0(0.31%),B:10.8(0.06%),P:1e-3	Tpos:115.3,Tstd:52.3,Bpos:101.4,Bstd:17.6,StrandBias:-1.0,Multiplicity:3.40
0.132	0.071	0.737	0.060
0.088	0.076	0.128	0.708
0.617	0.039	0.242	0.102
0.160	0.035	0.721	0.084
0.097	0.084	0.121	0.698
0.574	0.055	0.249	0.122
0.133	0.073	0.691	0.103
0.104	0.078	0.137	0.681
0.577	0.055	0.215	0.153
0.159	0.069	0.681	0.091
0.094	0.090	0.140	0.676
0.643	0.053	0.190	0.114
