>CACGTACA	1-CACGTACA	7.580349	-629.668024	0	T:947.0(49.27%),B:2695.1(14.94%),P:1e-273	Tpos:97.7,Tstd:55.4,Bpos:92.0,Bstd:146.1,StrandBias:-0.2,Multiplicity:1.68
0.001	0.996	0.002	0.001
0.997	0.001	0.001	0.001
0.001	0.923	0.001	0.075
0.137	0.187	0.675	0.001
0.001	0.200	0.001	0.798
0.835	0.001	0.163	0.001
0.001	0.897	0.004	0.098
0.995	0.001	0.003	0.001
>KATGTATG	2-KATGTATG	6.635109	-625.653850	0	T:1011.0(52.60%),B:3103.0(17.21%),P:1e-271	Tpos:98.2,Tstd:54.7,Bpos:101.6,Bstd:138.2,StrandBias:0.3,Multiplicity:2.99
0.028	0.217	0.422	0.333
0.596	0.004	0.351	0.049
0.040	0.050	0.074	0.836
0.132	0.033	0.756	0.079
0.063	0.204	0.269	0.464
0.554	0.004	0.275	0.167
0.035	0.073	0.145	0.747
0.173	0.007	0.819	0.001
>ACACATAC	3-ACACATAC	8.335414	-587.751329	0	T:1006.0(52.34%),B:3217.4(17.84%),P:1e-255	Tpos:98.9,Tstd:54.7,Bpos:97.6,Bstd:155.9,StrandBias:-0.1,Multiplicity:3.12
0.997	0.001	0.001	0.001
0.001	0.582	0.001	0.416
0.722	0.001	0.276	0.001
0.001	0.997	0.001	0.001
0.997	0.001	0.001	0.001
0.001	0.001	0.001	0.997
0.783	0.001	0.215	0.001
0.001	0.997	0.001	0.001
>TGTACAYA	4-TGTACAYA	7.241910	-520.363365	0	T:851.0(44.28%),B:2519.6(13.97%),P:1e-225	Tpos:99.4,Tstd:53.3,Bpos:99.8,Bstd:159.9,StrandBias:-0.1,Multiplicity:3.51
0.001	0.001	0.001	0.997
0.001	0.001	0.997	0.001
0.001	0.228	0.001	0.770
0.997	0.001	0.001	0.001
0.001	0.997	0.001	0.001
0.935	0.001	0.063	0.001
0.001	0.446	0.001	0.552
0.997	0.001	0.001	0.001
>GGTGTGTG	5-GGTGTGTG	7.640563	-453.822147	0	T:973.0(50.62%),B:3585.0(19.88%),P:1e-197	Tpos:103.1,Tstd:56.2,Bpos:98.5,Bstd:154.0,StrandBias:0.2,Multiplicity:1.63
0.071	0.236	0.691	0.002
0.367	0.001	0.536	0.096
0.098	0.001	0.175	0.726
0.025	0.001	0.973	0.001
0.060	0.001	0.002	0.937
0.061	0.001	0.937	0.001
0.001	0.048	0.142	0.809
0.002	0.043	0.954	0.001
>CHACACAC	6-CHACACAC	7.587014	-452.618263	0	T:927.0(48.23%),B:3279.0(18.18%),P:1e-196	Tpos:101.7,Tstd:55.4,Bpos:100.3,Bstd:159.5,StrandBias:-0.1,Multiplicity:2.88
0.267	0.631	0.101	0.001
0.279	0.314	0.076	0.330
0.681	0.247	0.051	0.021
0.001	0.900	0.016	0.083
0.881	0.031	0.046	0.042
0.001	0.909	0.002	0.088
0.856	0.040	0.070	0.034
0.030	0.813	0.020	0.137
>TACACACA	7-TACACACA	6.552370	-431.791078	0	T:1063.0(55.31%),B:4346.1(24.10%),P:1e-187	Tpos:103.3,Tstd:57.4,Bpos:98.0,Bstd:130.0,StrandBias:-0.1,Multiplicity:1.28
0.001	0.001	0.094	0.904
0.997	0.001	0.001	0.001
0.001	0.997	0.001	0.001
0.853	0.001	0.145	0.001
0.066	0.799	0.001	0.134
0.997	0.001	0.001	0.001
0.001	0.891	0.001	0.107
0.963	0.001	0.001	0.035
>CATATGCA	8-CATATGCA	6.214673	-396.735348	0	T:1202.0(62.54%),B:5659.8(31.38%),P:1e-172	Tpos:99.8,Tstd:56.3,Bpos:97.3,Bstd:142.3,StrandBias:-0.0,Multiplicity:1.94
0.006	0.854	0.024	0.116
0.861	0.037	0.101	0.001
0.025	0.302	0.018	0.655
0.879	0.007	0.091	0.023
0.012	0.248	0.079	0.661
0.275	0.009	0.685	0.031
0.006	0.842	0.001	0.151
0.563	0.033	0.403	0.001
>VCAYRCAY	9-VCAYRCAY	5.968988	-369.334373	0	T:1391.0(72.37%),B:7554.4(41.89%),P:1e-160	Tpos:102.4,Tstd:54.9,Bpos:96.7,Bstd:142.5,StrandBias:0.0,Multiplicity:1.38
0.230	0.361	0.318	0.091
0.001	0.648	0.036	0.315
0.845	0.001	0.153	0.001
0.001	0.444	0.001	0.554
0.308	0.253	0.426	0.013
0.001	0.836	0.010	0.153
0.914	0.001	0.084	0.001
0.121	0.328	0.081	0.470
>CGTGCATA	10-CGTGCATA	5.133163	-365.377244	0	T:1337.0(69.56%),B:7071.1(39.21%),P:1e-158	Tpos:99.9,Tstd:54.5,Bpos:97.9,Bstd:136.1,StrandBias:0.2,Multiplicity:1.22
0.113	0.596	0.075	0.216
0.213	0.055	0.731	0.001
0.025	0.354	0.045	0.576
0.236	0.077	0.613	0.074
0.001	0.698	0.077	0.224
0.862	0.027	0.070	0.041
0.040	0.177	0.028	0.755
0.537	0.162	0.212	0.089
>ATGCACAC	11-ATGCACAC	6.331519	-346.954957	0	T:922.0(47.97%),B:3791.0(21.02%),P:1e-150	Tpos:99.8,Tstd:56.2,Bpos:98.7,Bstd:138.1,StrandBias:-0.3,Multiplicity:1.63
0.951	0.034	0.001	0.014
0.001	0.245	0.169	0.585
0.001	0.027	0.913	0.059
0.001	0.997	0.001	0.001
0.922	0.001	0.026	0.051
0.013	0.985	0.001	0.001
0.845	0.051	0.019	0.085
0.022	0.873	0.033	0.072
>TATACACG	12-TATACACG	7.521469	-326.206351	0	T:740.0(38.50%),B:2667.7(14.79%),P:1e-141	Tpos:100.0,Tstd:54.4,Bpos:102.9,Bstd:143.5,StrandBias:-0.2,Multiplicity:5.42
0.001	0.076	0.001	0.922
0.646	0.001	0.352	0.001
0.001	0.236	0.001	0.762
0.950	0.001	0.048	0.001
0.001	0.623	0.001	0.375
0.713	0.001	0.285	0.001
0.001	0.675	0.001	0.323
0.294	0.001	0.704	0.001
>CATATATG	13-CATATATG	10.942625	-154.627901	0	T:207.0(10.77%),B:448.1(2.48%),P:1e-67	Tpos:97.2,Tstd:57.2,Bpos:89.8,Bstd:122.3,StrandBias:0.0,Multiplicity:1.61
0.001	0.997	0.001	0.001
0.997	0.001	0.001	0.001
0.001	0.001	0.001	0.997
0.997	0.001	0.001	0.001
0.001	0.001	0.001	0.997
0.997	0.001	0.001	0.001
0.001	0.001	0.117	0.881
0.001	0.001	0.997	0.001
>CCACTCAC	14-CCACTCAC	7.174743	-130.674987	0	T:335.0(17.43%),B:1203.8(6.68%),P:1e-56	Tpos:106.8,Tstd:57.9,Bpos:96.3,Bstd:109.7,StrandBias:0.1,Multiplicity:1.30
0.170	0.688	0.141	0.001
0.001	0.997	0.001	0.001
0.952	0.001	0.046	0.001
0.001	0.997	0.001	0.001
0.001	0.001	0.001	0.997
0.001	0.997	0.001	0.001
0.997	0.001	0.001	0.001
0.001	0.873	0.001	0.125
>AGWCACAC	15-AGWCACAC	6.445071	-106.532008	0	T:321.0(16.70%),B:1259.7(6.99%),P:1e-46	Tpos:101.3,Tstd:55.9,Bpos:94.7,Bstd:133.5,StrandBias:0.1,Multiplicity:1.62
0.583	0.415	0.001	0.001
0.001	0.001	0.997	0.001
0.519	0.001	0.001	0.479
0.001	0.582	0.001	0.416
0.997	0.001	0.001	0.001
0.001	0.936	0.001	0.062
0.997	0.001	0.001	0.001
0.001	0.962	0.001	0.036
>CACACTCA	16-CACACTCA	8.025722	-91.321717	0	T:282.0(14.67%),B:1115.0(6.18%),P:1e-39	Tpos:101.8,Tstd:57.6,Bpos:99.5,Bstd:113.3,StrandBias:-0.1,Multiplicity:1.42
0.001	0.997	0.001	0.001
0.997	0.001	0.001	0.001
0.001	0.997	0.001	0.001
0.767	0.177	0.055	0.001
0.001	0.997	0.001	0.001
0.001	0.001	0.001	0.997
0.001	0.997	0.001	0.001
0.864	0.134	0.001	0.001
>AYAYCAMA	17-AYAYCAMA	7.085123	-84.684146	0	T:309.0(16.08%),B:1331.2(7.38%),P:1e-36	Tpos:103.6,Tstd:57.2,Bpos:100.4,Bstd:122.7,StrandBias:0.0,Multiplicity:1.87
0.723	0.140	0.136	0.001
0.001	0.483	0.001	0.515
0.933	0.008	0.012	0.047
0.020	0.535	0.008	0.437
0.168	0.767	0.064	0.001
0.541	0.230	0.225	0.004
0.482	0.415	0.025	0.078
0.607	0.184	0.082	0.127
>ATGSATGG	18-ATGSATGG	7.345652	-78.928490	0	T:226.0(11.76%),B:853.7(4.73%),P:1e-34	Tpos:100.4,Tstd:54.4,Bpos:101.4,Bstd:133.7,StrandBias:0.1,Multiplicity:2.19
0.581	0.001	0.417	0.001
0.001	0.068	0.096	0.835
0.228	0.016	0.755	0.001
0.001	0.431	0.443	0.124
0.619	0.001	0.379	0.001
0.001	0.281	0.001	0.717
0.236	0.001	0.762	0.001
0.216	0.166	0.617	0.001
>GTAGATGG	19-GTAGATGG	8.776688	-53.547333	0	T:95.0(4.94%),B:261.0(1.45%),P:1e-23	Tpos:87.4,Tstd:51.8,Bpos:96.3,Bstd:95.1,StrandBias:-0.7,Multiplicity:1.41
0.001	0.001	0.997	0.001
0.001	0.001	0.001	0.997
0.997	0.001	0.001	0.001
0.001	0.001	0.897	0.101
0.997	0.001	0.001	0.001
0.001	0.001	0.001	0.997
0.001	0.001	0.997	0.001
0.001	0.001	0.997	0.001
>YCACCATC	20-YCACCATC	8.678011	-51.552738	0	T:130.0(6.76%),B:454.2(2.52%),P:1e-22	Tpos:90.9,Tstd:57.3,Bpos:95.9,Bstd:104.0,StrandBias:-0.0,Multiplicity:1.33
0.001	0.543	0.001	0.455
0.040	0.720	0.001	0.239
0.911	0.001	0.087	0.001
0.001	0.932	0.001	0.066
0.001	0.648	0.001	0.350
0.584	0.001	0.248	0.167
0.001	0.139	0.001	0.859
0.001	0.991	0.001	0.007
>CATCATCA	21-CATCATCA	10.243768	-48.399824	0	T:86.0(4.47%),B:237.2(1.32%),P:1e-21	Tpos:102.8,Tstd:56.6,Bpos:116.7,Bstd:97.7,StrandBias:0.2,Multiplicity:4.01
0.001	0.997	0.001	0.001
0.993	0.001	0.005	0.001
0.001	0.300	0.001	0.698
0.001	0.997	0.001	0.001
0.990	0.001	0.008	0.001
0.001	0.329	0.001	0.669
0.001	0.976	0.001	0.022
0.963	0.030	0.006	0.001
>ACCAYCAY	22-ACCAYCAY	8.371049	-26.291996	0	T:116.0(6.04%),B:541.1(3.00%),P:1e-11	Tpos:99.4,Tstd:55.9,Bpos:122.8,Bstd:106.9,StrandBias:0.0,Multiplicity:1.23
0.969	0.001	0.001	0.029
0.001	0.733	0.001	0.265
0.001	0.630	0.035	0.334
0.854	0.088	0.057	0.001
0.001	0.565	0.001	0.433
0.001	0.643	0.001	0.355
0.901	0.001	0.097	0.001
0.001	0.471	0.001	0.527
>ACCAHCAC	23-ACCAHCAC	7.029398	-14.837112	0	T:124.0(6.45%),B:726.6(4.03%),P:1e-6	Tpos:94.0,Tstd:53.5,Bpos:106.2,Bstd:141.0,StrandBias:-0.3,Multiplicity:2.37
0.835	0.093	0.035	0.037
0.148	0.586	0.012	0.254
0.180	0.470	0.101	0.249
0.565	0.300	0.083	0.052
0.269	0.353	0.031	0.347
0.028	0.806	0.014	0.152
0.801	0.117	0.051	0.031
0.139	0.592	0.015	0.254
>CACCACCA	24-CACCACCA	9.917742	-9.575309	0	T:102.0(5.31%),B:643.6(3.57%),P:1e-4	Tpos:103.6,Tstd:57.2,Bpos:95.7,Bstd:139.6,StrandBias:-0.9,Multiplicity:3.10
0.001	0.949	0.001	0.049
0.997	0.001	0.001	0.001
0.001	0.622	0.001	0.376
0.001	0.883	0.001	0.115
0.997	0.001	0.001	0.001
0.001	0.716	0.001	0.282
0.001	0.837	0.001	0.161
0.997	0.001	0.001	0.001
>CAYCACYA	25-CAYCACYA	8.242878	-7.842291	0	T:167.0(8.69%),B:1204.1(6.68%),P:1e-3	Tpos:102.8,Tstd:58.0,Bpos:104.0,Bstd:113.8,StrandBias:-0.1,Multiplicity:1.62
0.001	0.611	0.001	0.387
0.997	0.001	0.001	0.001
0.157	0.475	0.001	0.367
0.001	0.614	0.001	0.384
0.997	0.001	0.001	0.001
0.001	0.997	0.001	0.001
0.001	0.520	0.001	0.478
0.997	0.001	0.001	0.001
