>YACACACATG	1-YACACACATG	9.543055	-712.937824	0	T:868.0(45.16%),B:2001.5(11.10%),P:1e-309	Tpos:100.8,Tstd:52.8,Bpos:99.2,Bstd:157.5,StrandBias:-0.1,Multiplicity:3.25
0.001	0.426	0.001	0.572
0.704	0.001	0.294	0.001
0.001	0.793	0.001	0.205
0.997	0.001	0.001	0.001
0.001	0.757	0.001	0.241
0.997	0.001	0.001	0.001
0.001	0.822	0.001	0.176
0.829	0.001	0.169	0.001
0.001	0.121	0.001	0.877
0.118	0.023	0.858	0.001
>CGTATACGCA	2-CGTATACGCA	9.249460	-540.103616	0	T:474.0(24.66%),B:679.5(3.77%),P:1e-234	Tpos:100.2,Tstd:53.5,Bpos:98.2,Bstd:129.2,StrandBias:-0.2,Multiplicity:3.14
0.001	0.806	0.001	0.192
0.162	0.001	0.836	0.001
0.001	0.001	0.001	0.997
0.997	0.001	0.001	0.001
0.001	0.001	0.001	0.997
0.997	0.001	0.001	0.001
0.001	0.860	0.001	0.138
0.367	0.001	0.631	0.001
0.001	0.889	0.001	0.109
0.993	0.001	0.005	0.001
>TGGATGGATG	3-TGGATGGATG	7.132832	-538.704829	0	T:1079.0(56.14%),B:3923.2(21.75%),P:1e-233	Tpos:100.3,Tstd:54.4,Bpos:99.2,Bstd:149.1,StrandBias:0.3,Multiplicity:2.49
0.078	0.045	0.083	0.794
0.117	0.036	0.786	0.061
0.070	0.238	0.452	0.240
0.628	0.027	0.282	0.063
0.040	0.025	0.043	0.892
0.136	0.018	0.808	0.038
0.123	0.268	0.434	0.175
0.622	0.038	0.235	0.105
0.031	0.054	0.111	0.804
0.140	0.040	0.781	0.039
>TGTACGTATG	4-TGTACGTATG	6.404373	-498.732636	0	T:1185.0(61.65%),B:4917.0(27.27%),P:1e-216	Tpos:99.2,Tstd:54.5,Bpos:99.7,Bstd:149.8,StrandBias:0.2,Multiplicity:2.81
0.100	0.100	0.100	0.700
0.100	0.100	0.700	0.100
0.100	0.100	0.100	0.700
0.700	0.100	0.100	0.100
0.100	0.700	0.100	0.100
0.100	0.100	0.700	0.100
0.100	0.100	0.100	0.700
0.700	0.100	0.100	0.100
0.100	0.100	0.100	0.700
0.100	0.100	0.700	0.100
>TRCACACACA	5-TRCACACACA	8.159872	-486.795225	0	T:1099.0(57.18%),B:4322.7(23.97%),P:1e-211	Tpos:102.7,Tstd:56.0,Bpos:98.3,Bstd:118.9,StrandBias:-0.6,Multiplicity:1.25
0.001	0.001	0.001	0.997
0.441	0.092	0.465	0.001
0.001	0.622	0.060	0.317
0.799	0.094	0.078	0.029
0.001	0.583	0.138	0.278
0.804	0.058	0.019	0.119
0.001	0.733	0.001	0.265
0.997	0.001	0.001	0.001
0.099	0.638	0.104	0.159
0.754	0.095	0.001	0.150
>TACACATGCA	6-TACACATGCA	7.183788	-418.512336	0	T:1215.0(63.22%),B:5629.4(31.22%),P:1e-181	Tpos:99.1,Tstd:56.1,Bpos:98.9,Bstd:138.5,StrandBias:0.1,Multiplicity:1.64
0.028	0.199	0.068	0.705
0.721	0.116	0.124	0.039
0.093	0.738	0.092	0.077
0.951	0.018	0.015	0.016
0.025	0.892	0.022	0.061
0.850	0.101	0.026	0.023
0.048	0.052	0.095	0.805
0.255	0.020	0.670	0.055
0.012	0.796	0.040	0.152
0.873	0.033	0.053	0.041
>TRTACACGTR	7-TRTACACGTR	7.892984	-413.330932	0	T:1179.0(61.34%),B:5363.5(29.74%),P:1e-179	Tpos:96.8,Tstd:56.8,Bpos:101.2,Bstd:148.1,StrandBias:-0.2,Multiplicity:2.37
0.001	0.370	0.001	0.628
0.526	0.001	0.472	0.001
0.001	0.387	0.001	0.611
0.786	0.001	0.212	0.001
0.001	0.688	0.001	0.310
0.997	0.001	0.001	0.001
0.001	0.997	0.001	0.001
0.386	0.001	0.612	0.001
0.001	0.381	0.001	0.617
0.428	0.103	0.415	0.054
>NGTACATACN	8-NGTACATACN	5.495508	-406.535212	0	T:546.0(28.41%),B:1268.1(7.03%),P:1e-176	Tpos:101.9,Tstd:55.8,Bpos:102.6,Bstd:123.8,StrandBias:-1.6,Multiplicity:1.33
0.227	0.231	0.248	0.294
0.211	0.168	0.487	0.135
0.130	0.193	0.143	0.534
0.524	0.142	0.188	0.146
0.093	0.697	0.124	0.086
0.720	0.136	0.026	0.118
0.118	0.229	0.155	0.498
0.520	0.148	0.186	0.146
0.146	0.494	0.168	0.193
0.233	0.273	0.224	0.270
>YAYACACATG	9-YAYACACATG	6.425542	-369.482176	0	T:1301.0(67.69%),B:6710.5(37.21%),P:1e-160	Tpos:102.5,Tstd:54.6,Bpos:97.7,Bstd:136.6,StrandBias:-0.1,Multiplicity:1.43
0.031	0.497	0.119	0.354
0.515	0.068	0.252	0.165
0.001	0.470	0.001	0.528
0.677	0.001	0.321	0.001
0.001	0.925	0.001	0.073
0.997	0.001	0.001	0.001
0.001	0.678	0.050	0.271
0.776	0.041	0.182	0.001
0.001	0.268	0.092	0.639
0.055	0.142	0.802	0.001
>ACACACCACA	10-ACACACCACA	9.158625	-255.021618	0	T:347.0(18.05%),B:781.2(4.33%),P:1e-110	Tpos:99.6,Tstd:54.0,Bpos:103.5,Bstd:163.4,StrandBias:-0.2,Multiplicity:4.32
0.900	0.062	0.001	0.037
0.001	0.805	0.001	0.193
0.997	0.001	0.001	0.001
0.001	0.881	0.011	0.107
0.665	0.219	0.001	0.115
0.387	0.550	0.038	0.025
0.205	0.705	0.001	0.089
0.798	0.082	0.021	0.099
0.001	0.760	0.001	0.238
0.907	0.001	0.091	0.001
>GTGTGGTGTG	11-GTGTGGTGTG	7.792592	-235.702903	0	T:444.0(23.10%),B:1329.2(7.37%),P:1e-102	Tpos:101.5,Tstd:57.4,Bpos:96.2,Bstd:151.2,StrandBias:0.2,Multiplicity:1.72
0.179	0.001	0.819	0.001
0.001	0.001	0.001	0.997
0.295	0.001	0.703	0.001
0.091	0.213	0.198	0.498
0.263	0.080	0.423	0.235
0.204	0.077	0.526	0.193
0.013	0.133	0.259	0.595
0.328	0.001	0.670	0.001
0.025	0.001	0.001	0.973
0.203	0.005	0.791	0.001
>CACACACACC	12-CACACACACC	8.271795	-230.152824	0	T:573.0(29.81%),B:2108.9(11.69%),P:1e-99	Tpos:102.3,Tstd:56.6,Bpos:101.6,Bstd:133.0,StrandBias:-0.4,Multiplicity:1.72
0.039	0.812	0.023	0.126
0.598	0.194	0.089	0.119
0.003	0.807	0.001	0.189
0.632	0.271	0.001	0.096
0.001	0.809	0.001	0.189
0.773	0.001	0.071	0.155
0.001	0.803	0.001	0.195
0.747	0.206	0.001	0.046
0.001	0.997	0.001	0.001
0.001	0.734	0.001	0.264
>CATACTACAC	13-CATACTACAC	9.613401	-193.402941	0	T:133.0(6.92%),B:125.3(0.69%),P:1e-83	Tpos:95.6,Tstd:49.0,Bpos:106.7,Bstd:27.6,StrandBias:-0.3,Multiplicity:1.44
0.001	0.718	0.079	0.202
0.997	0.001	0.001	0.001
0.001	0.138	0.034	0.827
0.594	0.046	0.246	0.114
0.114	0.747	0.138	0.001
0.001	0.374	0.079	0.546
0.648	0.001	0.350	0.001
0.001	0.625	0.001	0.373
0.997	0.001	0.001	0.001
0.001	0.997	0.001	0.001
>GTACTTTGAT	14-GTACTTTGAT	10.296193	-94.275310	0	T:30.0(1.56%),B:5.9(0.03%),P:1e-40	Tpos:99.3,Tstd:51.3,Bpos:113.1,Bstd:13.5,StrandBias:-1.1,Multiplicity:2.57
0.100	0.100	0.700	0.100
0.100	0.100	0.100	0.700
0.700	0.100	0.100	0.100
0.100	0.700	0.100	0.100
0.100	0.100	0.100	0.700
0.100	0.100	0.100	0.700
0.100	0.100	0.100	0.700
0.100	0.100	0.700	0.100
0.700	0.100	0.100	0.100
0.100	0.100	0.100	0.700
>CAYCAYCATC	15-CAYCAYCATC	10.175419	-88.191218	0	T:79.0(4.11%),B:109.3(0.61%),P:1e-38	Tpos:93.8,Tstd:58.2,Bpos:117.3,Bstd:103.3,StrandBias:0.1,Multiplicity:1.77
0.005	0.719	0.001	0.275
0.774	0.111	0.114	0.001
0.006	0.482	0.001	0.511
0.004	0.822	0.028	0.146
0.779	0.095	0.054	0.072
0.010	0.450	0.016	0.524
0.005	0.793	0.001	0.201
0.794	0.001	0.183	0.022
0.020	0.387	0.014	0.579
0.053	0.838	0.001	0.108
>GTACATGAAA	16-GTACATGAAA	11.579894	-87.999503	0	T:35.0(1.82%),B:11.1(0.06%),P:1e-38	Tpos:121.4,Tstd:44.2,Bpos:103.1,Bstd:22.8,StrandBias:-0.9,Multiplicity:1.35
0.001	0.001	0.997	0.001
0.001	0.001	0.001	0.997
0.997	0.001	0.001	0.001
0.001	0.997	0.001	0.001
0.997	0.001	0.001	0.001
0.001	0.001	0.001	0.997
0.110	0.001	0.888	0.001
0.973	0.001	0.001	0.025
0.973	0.001	0.001	0.025
0.997	0.001	0.001	0.001
>AYCAYCAYCA	17-AYCAYCAYCA	11.266474	-82.180196	0	T:65.0(3.38%),B:76.7(0.43%),P:1e-35	Tpos:102.4,Tstd:55.0,Bpos:125.7,Bstd:81.7,StrandBias:0.1,Multiplicity:3.69
0.968	0.013	0.012	0.007
0.017	0.493	0.008	0.482
0.001	0.909	0.024	0.066
0.958	0.006	0.031	0.005
0.034	0.446	0.015	0.505
0.011	0.878	0.007	0.104
0.964	0.008	0.019	0.009
0.018	0.483	0.004	0.495
0.014	0.898	0.009	0.079
0.944	0.016	0.024	0.016
>TATGTACAGT	18-TATGTACAGT	10.296193	-72.353743	0	T:34.0(1.77%),B:16.5(0.09%),P:1e-31	Tpos:103.1,Tstd:52.4,Bpos:100.1,Bstd:30.8,StrandBias:-0.8,Multiplicity:2.41
0.100	0.100	0.100	0.700
0.700	0.100	0.100	0.100
0.100	0.100	0.100	0.700
0.100	0.100	0.700	0.100
0.100	0.100	0.100	0.700
0.700	0.100	0.100	0.100
0.100	0.700	0.100	0.100
0.700	0.100	0.100	0.100
0.100	0.100	0.700	0.100
0.100	0.100	0.100	0.700
>TGTATTTGGT	19-TGTATTTGGT	11.434776	-67.750773	0	T:22.0(1.14%),B:4.1(0.02%),P:1e-29	Tpos:96.4,Tstd:60.3,Bpos:90.5,Bstd:26.7,StrandBias:0.2,Multiplicity:1.67
0.001	0.001	0.001	0.997
0.001	0.001	0.997	0.001
0.001	0.001	0.001	0.997
0.997	0.001	0.001	0.001
0.001	0.001	0.001	0.997
0.001	0.001	0.001	0.997
0.001	0.016	0.001	0.982
0.001	0.092	0.906	0.001
0.001	0.001	0.997	0.001
0.001	0.001	0.001	0.997
>ACCAYCACCA	20-ACCAYCACCA	10.475893	-44.805345	0	T:100.0(5.20%),B:324.7(1.80%),P:1e-19	Tpos:100.9,Tstd:54.7,Bpos:93.6,Bstd:167.2,StrandBias:-0.9,Multiplicity:5.01
0.997	0.001	0.001	0.001
0.001	0.862	0.001	0.136
0.001	0.793	0.001	0.205
0.997	0.001	0.001	0.001
0.001	0.510	0.001	0.488
0.001	0.810	0.001	0.188
0.997	0.001	0.001	0.001
0.001	0.732	0.001	0.266
0.001	0.825	0.001	0.173
0.997	0.001	0.001	0.001
>CCAAAGTATG	21-CCAAAGTATG	13.810584	-26.818948	0	T:10.0(0.52%),B:3.9(0.02%),P:1e-11	Tpos:96.4,Tstd:52.8,Bpos:100.7,Bstd:23.0,StrandBias:4.6,Multiplicity:2.50
0.001	0.997	0.001	0.001
0.001	0.975	0.023	0.001
0.997	0.001	0.001	0.001
0.997	0.001	0.001	0.001
0.997	0.001	0.001	0.001
0.001	0.001	0.997	0.001
0.001	0.001	0.001	0.997
0.997	0.001	0.001	0.001
0.001	0.001	0.001	0.997
0.001	0.001	0.997	0.001
>GTAGTAGTAG	22-GTAGTAGTAG	9.196186	-18.805673	0	T:34.0(1.77%),B:99.7(0.55%),P:1e-8	Tpos:102.5,Tstd:55.9,Bpos:97.6,Bstd:127.5,StrandBias:-0.9,Multiplicity:2.13
0.001	0.001	0.997	0.001
0.001	0.001	0.001	0.997
0.844	0.001	0.135	0.020
0.020	0.045	0.934	0.001
0.001	0.075	0.020	0.904
0.772	0.001	0.226	0.001
0.020	0.045	0.934	0.001
0.001	0.019	0.001	0.979
0.897	0.001	0.082	0.020
0.001	0.019	0.979	0.001
>TACCGTATAT	23-TACCGTATAT	12.708858	-16.075361	0	T:5.0(0.26%),B:0.5(0.00%),P:1e-6	Tpos:126.5,Tstd:44.3,Bpos:123.3,Bstd:19.6,StrandBias:1.7,Multiplicity:3.25
0.001	0.001	0.001	0.997
0.997	0.001	0.001	0.001
0.001	0.997	0.001	0.001
0.059	0.939	0.001	0.001
0.001	0.001	0.997	0.001
0.001	0.410	0.001	0.588
0.588	0.410	0.001	0.001
0.001	0.001	0.001	0.997
0.997	0.001	0.001	0.001
0.001	0.005	0.005	0.989
>CACATCGGTT	24-CACATCGGTT	10.537220	-16.075361	0	T:5.0(0.26%),B:1.1(0.01%),P:1e-6	Tpos:102.1,Tstd:55.3,Bpos:104.6,Bstd:19.7,StrandBias:10.0,Multiplicity:3.00
0.001	0.997	0.001	0.001
0.997	0.001	0.001	0.001
0.001	0.997	0.001	0.001
0.997	0.001	0.001	0.001
0.001	0.040	0.040	0.919
0.001	0.997	0.001	0.001
0.040	0.001	0.958	0.001
0.001	0.001	0.997	0.001
0.001	0.001	0.001	0.997
0.001	0.001	0.040	0.958
>CCTAACCCTA	25-CCTAACCCTA	13.812633	-3.925744	0	T:2.0(0.10%),B:2.5(0.01%),P:1e-1	Tpos:89.3,Tstd:50.0,Bpos:92.5,Bstd:22.9,StrandBias:2.5,Multiplicity:13.50
0.001	0.997	0.001	0.001
0.001	0.977	0.021	0.001
0.001	0.001	0.001	0.997
0.997	0.001	0.001	0.001
0.997	0.001	0.001	0.001
0.001	0.997	0.001	0.001
0.001	0.997	0.001	0.001
0.001	0.997	0.001	0.001
0.001	0.001	0.001	0.997
0.997	0.001	0.001	0.001
