>BRCATATGCRYV	7-BRCATATGCRYV	5.293443	-404.807859	0	T:1186.0(61.71%),B:5474.9(30.36%),P:1e-175
0.174	0.355	0.214	0.258
0.372	0.133	0.305	0.191
0.083	0.636	0.131	0.150
0.528	0.083	0.290	0.099
0.058	0.230	0.058	0.654
0.578	0.139	0.208	0.075
0.091	0.282	0.075	0.552
0.181	0.114	0.581	0.124
0.083	0.653	0.083	0.181
0.432	0.100	0.321	0.147
0.108	0.356	0.174	0.363
0.305	0.216	0.338	0.141
