>MATGTVCABACA	6-MATGTVCABACA	6.880975	-425.222369	0	T:1111.0(57.80%),B:4749.2(26.33%),P:1e-184
0.253	0.401	0.146	0.201
0.565	0.049	0.368	0.018
0.048	0.040	0.153	0.759
0.099	0.049	0.830	0.022
0.076	0.074	0.078	0.772
0.344	0.259	0.389	0.008
0.011	0.587	0.020	0.382
0.669	0.020	0.277	0.034
0.008	0.390	0.269	0.333
0.554	0.030	0.382	0.034
0.043	0.566	0.034	0.357
0.643	0.305	0.044	0.008
