>GTAGTAGTAGTA	25-GTAGTAGTAGTA	10.091510	-7.106354	0	T:6.0(0.31%),B:10.8(0.06%),P:1e-3
0.132	0.071	0.737	0.060
0.088	0.076	0.128	0.708
0.617	0.039	0.242	0.102
0.160	0.035	0.721	0.084
0.097	0.084	0.121	0.698
0.574	0.055	0.249	0.122
0.133	0.073	0.691	0.103
0.104	0.078	0.137	0.681
0.577	0.055	0.215	0.153
0.159	0.069	0.681	0.091
0.094	0.090	0.140	0.676
0.643	0.053	0.190	0.114
