>ACCTACACCTAC	18-ACCTACACCTAC	12.006090	-37.612588	0	T:10.0(0.52%),B:1.5(0.01%),P:1e-16
0.923	0.038	0.038	0.001
0.001	0.735	0.001	0.263
0.038	0.884	0.001	0.077
0.039	0.117	0.019	0.825
0.808	0.001	0.152	0.039
0.019	0.820	0.019	0.142
0.923	0.019	0.039	0.019
0.001	0.688	0.038	0.273
0.083	0.915	0.001	0.001
0.019	0.063	0.001	0.917
0.771	0.019	0.152	0.058
0.019	0.799	0.001	0.181
