>GATGGATGGATG	8-GATGGATGGATG	6.009836	-403.338144	0	T:1062.0(55.25%),B:4499.1(24.95%),P:1e-175
0.120	0.081	0.705	0.094
0.688	0.016	0.258	0.038
0.103	0.043	0.034	0.820
0.129	0.006	0.789	0.076
0.106	0.104	0.669	0.121
0.707	0.022	0.226	0.045
0.037	0.043	0.034	0.886
0.112	0.006	0.859	0.023
0.145	0.160	0.621	0.074
0.620	0.030	0.245	0.105
0.030	0.040	0.112	0.818
0.133	0.008	0.821	0.038
