>ACACMCACATRY	5-ACACMCACATRY	9.391084	-465.470403	0	T:666.0(34.65%),B:1685.5(9.35%),P:1e-202
0.599	0.008	0.363	0.030
0.211	0.721	0.015	0.053
0.538	0.060	0.015	0.387
0.038	0.733	0.053	0.176
0.455	0.327	0.008	0.211
0.304	0.530	0.136	0.030
0.894	0.053	0.030	0.023
0.055	0.869	0.053	0.023
0.539	0.023	0.220	0.218
0.023	0.143	0.045	0.789
0.432	0.015	0.538	0.015
0.008	0.458	0.226	0.309
