>TATACACGTGTA	10-TATACACGTGTA	11.130372	-242.447469	0	T:160.0(8.32%),B:141.1(0.78%),P:1e-105
0.038	0.076	0.038	0.848
0.735	0.113	0.039	0.113
0.038	0.075	0.001	0.886
0.848	0.038	0.113	0.001
0.038	0.923	0.001	0.038
0.961	0.037	0.001	0.001
0.080	0.767	0.077	0.076
0.113	0.113	0.734	0.040
0.001	0.001	0.075	0.923
0.079	0.001	0.882	0.038
0.001	0.113	0.001	0.885
0.621	0.039	0.151	0.189
