>TGTGGATGGATG	4-TGTGGATGGATG	6.932186	-509.895689	0	T:971.0(50.52%),B:3314.0(18.38%),P:1e-221
0.214	0.111	0.228	0.447
0.108	0.087	0.716	0.089
0.128	0.048	0.138	0.686
0.124	0.045	0.736	0.095
0.103	0.125	0.525	0.247
0.563	0.108	0.229	0.100
0.128	0.064	0.172	0.636
0.114	0.056	0.747	0.083
0.120	0.136	0.531	0.213
0.551	0.110	0.228	0.111
0.125	0.076	0.199	0.600
0.212	0.142	0.479	0.167
