>HCCATCCATMCM	5-KGKATGGATGGD	6.917441	-204.049623	0	T:276.0(62.59%),B:3205.7(19.05%),P:1e-88
0.296	0.332	0.092	0.280
0.262	0.558	0.106	0.074
0.057	0.776	0.023	0.144
0.677	0.116	0.103	0.104
0.086	0.238	0.042	0.634
0.239	0.572	0.143	0.046
0.109	0.733	0.040	0.118
0.682	0.192	0.046	0.080
0.099	0.306	0.040	0.555
0.368	0.430	0.150	0.053
0.057	0.738	0.035	0.170
0.365	0.355	0.129	0.151
