>AYWGTRTRTACA	11-AYWGTRTRTACA	7.696165	-99.618354	0	T:180.0(40.82%),B:2329.5(13.84%),P:1e-43
0.733	0.001	0.265	0.001
0.058	0.405	0.204	0.333
0.467	0.001	0.149	0.383
0.013	0.222	0.764	0.001
0.001	0.109	0.001	0.889
0.497	0.001	0.501	0.001
0.001	0.303	0.001	0.695
0.535	0.001	0.463	0.001
0.001	0.215	0.001	0.783
0.640	0.001	0.358	0.001
0.001	0.633	0.052	0.314
0.555	0.001	0.055	0.389
