>CMYGCRTRYACA	1-TGTRYAYGCRKG	9.649427	-288.660350	0	T:253.0(57.37%),B:1803.6(10.72%),P:1e-125
0.357	0.605	0.001	0.037
0.505	0.476	0.018	0.001
0.018	0.403	0.037	0.542
0.236	0.074	0.653	0.037
0.233	0.610	0.001	0.156
0.512	0.018	0.469	0.001
0.019	0.172	0.019	0.790
0.559	0.001	0.439	0.001
0.001	0.519	0.001	0.479
0.777	0.185	0.037	0.001
0.001	0.944	0.018	0.037
0.935	0.001	0.001	0.063
