>TGTRYAYGCRKG	1-TGTRYAYGCRKG,BestGuess:PUM(PUF)/Drosophila_melanogaster-RNCMPT00102-PBM/HughesRNA(0.712)	9.649427	-288.660350	0	T:253.0(57.37%),B:1803.6(10.72%),P:1e-125
0.063	0.001	0.001	0.935
0.037	0.018	0.944	0.001
0.001	0.037	0.185	0.777
0.479	0.001	0.519	0.001
0.001	0.439	0.001	0.559
0.790	0.019	0.172	0.019
0.001	0.469	0.018	0.512
0.156	0.001	0.610	0.233
0.037	0.653	0.074	0.236
0.542	0.037	0.403	0.018
0.001	0.018	0.476	0.505
0.037	0.001	0.605	0.357
