>KGKATGGATGGD	5-KGKATGGATGGD,BestGuess:RAP1/MA0359.1/Jaspar(0.767)	6.917441	-204.049623	0	T:276.0(62.59%),B:3205.7(19.05%),P:1e-88
0.151	0.129	0.355	0.365
0.170	0.035	0.738	0.057
0.053	0.150	0.430	0.368
0.555	0.040	0.306	0.099
0.080	0.046	0.192	0.682
0.118	0.040	0.733	0.109
0.046	0.143	0.572	0.239
0.634	0.042	0.238	0.086
0.104	0.103	0.116	0.677
0.144	0.023	0.776	0.057
0.074	0.106	0.558	0.262
0.280	0.092	0.332	0.296
