>RTAYACTRTACA	21-RTAYACTRTACA	10.341608	-15.078757	0	T:5.0(1.13%),B:6.0(0.04%),P:1e-6
0.498	0.152	0.349	0.001
0.001	0.364	0.001	0.634
0.681	0.001	0.317	0.001
0.001	0.428	0.013	0.558
0.681	0.001	0.239	0.079
0.001	0.465	0.312	0.222
0.322	0.083	0.073	0.522
0.439	0.068	0.487	0.007
0.013	0.360	0.001	0.626
0.811	0.006	0.182	0.001
0.001	0.577	0.006	0.416
0.653	0.099	0.115	0.133
