# R script for Peak Model
#  -- generated by MACS
p <- c(0.03861409245495734,0.04507648286820918,0.051603589637530776,0.05798585503850577,0.06418321656499573,0.06441434640810202,0.06431573100837668,0.0640722742403047,0.06388428863457826,0.06381340881602567,0.06424176945858266,0.06420478868368565,0.0642849136959625,0.06456535123893146,0.06496905803155711,0.0648766060943146,0.06530496673687158,0.06573024564818716,0.06574873603563566,0.06551760619252937,0.0653419475117686,0.06539433694287268,0.06527414942445742,0.06523100518707757,0.06539125521163126,0.06549911580508087,0.06533886578052718,0.06517553402473207,0.06500912053769553,0.06517245229349064,0.06501528400017836,0.06488893301928027,0.06483038012569334,0.06487968782555602,0.06471635606976091,0.06464855798244973,0.06452837046403445,0.06448830795789603,0.06467629356362248,0.0645900050888628,0.06465163971369114,0.06490742340672877,0.06512930805611081,0.06489817821300452,0.06456535123893146,0.06454994258272438,0.06470711087603666,0.06482729839445192,0.0646084954763113,0.06473792818845082,0.06503069265638546,0.06487044263183177,0.06488585128803885,0.06525565903700892,0.06552685138625362,0.06563471197970322,0.06550219753632229,0.06520943306838765,0.06543748118025253,0.0653974186741141,0.06547138022390811,0.06530496673687158,0.06504301958135113,0.06452220700155162,0.06444208198927477,0.06441434640810202,0.06460541374506988,0.06497213976279853,0.06495673110659145,0.06524333211204324,0.06520635133714624,0.06552068792377079,0.0660076014599147,0.06661162078323248,0.06660237558950823,0.06673180830164774,0.06658388520205971,0.06667633713930224,0.06662394770819814,0.06635891882143627,0.06635583709019485,0.0665438226959213,0.06639898132757469,0.06599219280370762,0.06624489476550383,0.0661863418719169,0.06621715918433108,0.06581653412294684,0.06591206779143077,0.06588741394149944,0.06578879854177408,0.06544364464273536,0.06541899079280403,0.0653789282866656,0.06541899079280403,0.06536351963045851,0.06547138022390811,0.06581653412294684,0.06562238505473755,0.06570559179825582,0.06562546678597897,0.06575798122935991,0.06549603407383946,0.06553917831121929,0.06554534177370212,0.06555150523618496,0.06556383216115062,0.06549911580508087,0.06561930332349614,0.06576106296060133,0.06607539954722588,0.06608772647219155,0.06622640437805533,0.06644828902743737,0.06612162551584715,0.06619866879688258,0.06623256784053816,0.06632501977778067,0.06633734670274634,0.06621407745308966,0.06619250533439973,0.06640514479005752,0.06639281786509185,0.06625105822798666,0.06641747171502319,0.06630344765909076,0.06632501977778067,0.0661678514844684,0.06611854378460573,0.06593363991012069,0.06575798122935991,0.06543748118025253,0.0655422600424607,0.0655237696550122,0.0657918802730155,0.0664205534462646,0.0664020630588161,0.06635891882143627,0.06624797649674524,0.06659313039578398,0.06684275062633876,0.06709237085689355,0.0671909862566189,0.06746217860586362,0.06719714971910173,0.06654690442716271,0.06641438998378177,0.06655923135212838,0.06665784675185372,0.06659621212702539,0.06653149577095563,0.06659621212702539,0.06662086597695673,0.06644520729619595,0.06650992365226571,0.06639589959633327,0.06649451499605862,0.06646061595240303,0.06649759672730003,0.06646677941488587,0.06619250533439973,0.06590898606018936,0.06611238032212288,0.0657918802730155,0.06586892355405093,0.06623873130302099,0.0663835726713676,0.06650376018978287,0.06635275535895344,0.06623256784053816,0.06649759672730003,0.06660237558950823,0.06634659189647059,0.06661470251447389,0.06655614962088696,0.0665253323084728,0.06651300538350713,0.0665808034708183,0.06665784675185372,0.06692595736985703,0.06690746698240853,0.06718790452537748,0.06724953915020583,0.06742519783096661,0.06777651519248817,0.06785047674228219,0.06793368348580045,0.06769330844896991,0.06820795756628657,0.06836204412835743,0.06841135182822011,0.0684082700969787,0.06829116430980484,0.0685716018527738,0.0683743710533231,0.06851304895918688,0.06858392877773947,0.068750342264776,0.06848839510925554,0.06817405852263099,0.06839286144077161,0.0681956306413209,0.06814632294145823,0.06797682772318028,0.06803538061676721,0.06777035173000534,0.06775802480503966,0.06798299118566312,0.06779192384869526,0.06810626043531981,0.06802613542304296,0.06822336622249366,0.06830965469725334,0.06835896239711602,0.06847914991553129,0.06888593843939836,0.06912323174498748,0.06906776058264197,0.06927423657581692,0.06897222691415804,0.0689660634516752,0.06884587593325993,0.0691448038636774,0.06915713078864306,0.0688582028582256,0.06874417880229317,0.06818946717883807,0.06853462107787679,0.06888593843939836,0.06938517890050794,0.06940983275043927,0.06955467411878588,0.06925882791960984,0.06923725580091991,0.06956391931251013,0.06942215967540495,0.06997378956761863,0.06971800587458099,0.06951461161264746,0.06926190965085126,0.06913555866995315,0.06929272696326542,0.0694683856440262,0.06944681352533628,0.06958240969995864,0.06977655876816792,0.06962247220609706,0.06952385680637171,0.06955467411878588,0.06965637124975266,0.06997070783637721,0.07004466938617122,0.07037749636024428,0.07053466465355655,0.0703281886603816,0.07045762137252112,0.07041139540389986,0.07063944351576473,0.07058705408466064,0.07062711659079907,0.07051001080362522,0.07032510692914018,0.07031278000417451,0.07048227522245246,0.07060554447210915,0.07048843868493529,0.0708674916276296,0.07110170320197731,0.07149616480087871,0.07147767441343021,0.07171188598777792,0.07177043888136485,0.07187829947481444,0.07161635231929399,0.07176119368764058,0.07196150621833271,0.07199540526198829,0.07192760717467712,0.07211559278040357,0.07247307360440797,0.07252854476675347,0.07296615060303471,0.0728397996221366,0.07291684290317203,0.07269495825378999,0.07269495825378999,0.07258401592909898,0.07255936207916765,0.07239294859213112,0.07211867451164498,0.07234672262350986,0.07212791970536923,0.07236213127971694,0.07292300636565487,0.07348696318283421,0.07366570359483642,0.07413104501229041,0.07449160756753621,0.07516650670940658,0.07624819437514402,0.07684296850473753,0.07786918500812945,0.07872590629324343,0.07981067569022228,0.08088003643099405,0.0822883876083217,0.08377994552916762,0.0851759697815296,0.08639633535313081,0.08723148451955487,0.08825461929170537,0.08939485985102973,0.09017145612386686,0.09076314852221896,0.09121616301470728,0.09179552848809372,0.0920081679437515,0.09245193724251557,0.09243036512382566,0.09262451419203493,0.09280633633527856,0.09279092767907146,0.09277243729162296,0.09263992284824203,0.09284331711017556,0.09235640357403165,0.09191571600650898,0.09169074962588553,0.09169691308836836,0.09174930251947246,0.09180169195057655,0.09167842270091986,0.09206363910609701,0.09228244202423763,0.09254130744851667,0.0929049517350039,0.092994321941005,0.09311142772817886,0.09336721142121648,0.0936414855017026,0.09369079320156529,0.09391884131343016,0.09387877880729173,0.0938356345699119,0.09335488449625082,0.09345041816473475,0.09385720668860181,0.09370928358901379,0.09352746144577018,0.09344733643349333,0.09362607684549552,0.09322545178411129,0.09341960085232057,0.09376167302011788,0.09416537981274353,0.09416846154398495,0.09434103849350431,0.09483719722337249,0.0950560001415131,0.09515769727247987,0.09507140879772018,0.09546587039662159,0.09564152907738237,0.0958264329518674,0.09589731277041999,0.09631026475676989,0.09622089455076879,0.09601441855759385,0.09619624070083746,0.0960945435698707,0.09624554840070013,0.09656604844980753,0.09642120708146092,0.0960945435698707,0.09611919741980203,0.09569700023972787,0.09601750028883527,0.09604523587000802,0.0961500147322162,0.09635957245663257,0.09660302922470453,0.09663076480587728,0.09684032253029365,0.09731182741023048,0.09757993802823377,0.09794050058347958,0.09789735634609975,0.09813464965168887,0.09836886122603658,0.09851678432562459,0.0987848949436279,0.09829489967624257,0.09814081311417171,0.0979959717458251,0.09794974577720383,0.09833496218238098,0.09859690933790144,0.09906841421783827,0.09927797194225464,